Date,Open,High,Low,Close,Adj Close,Volume
2005-01-21,16.0,16.200000762939453,15.5,16.0,13.374781608581543,22145000
2005-01-24,16.049999237060547,16.079999923706055,16.0,16.0,13.374781608581543,3509900
2005-01-25,16.0,16.010000228881836,15.5,15.649999618530273,13.08220386505127,2995500
2005-01-26,15.550000190734863,15.630000114440918,15.5,15.59000015258789,13.032050132751465,1467500
2005-01-27,15.59000015258789,15.850000381469727,15.100000381469727,15.779999732971191,13.190876960754395,858000
2005-01-28,15.800000190734863,16.020000457763672,15.779999732971191,16.0,13.374781608581543,697300
2005-01-31,16.049999237060547,16.260000228881836,16.020000457763672,16.1299991607666,13.483448028564453,1641900
2005-02-01,16.1299991607666,16.280000686645508,16.0,16.200000762939453,13.541961669921875,838100
2005-02-02,16.200000762939453,16.34000015258789,16.15999984741211,16.200000762939453,13.541961669921875,759200
2005-02-03,16.209999084472656,16.209999084472656,15.989999771118164,16.010000228881836,13.383137702941895,729500
2005-02-04,16.040000915527344,16.06999969482422,16.0,16.040000915527344,13.408214569091797,926600
2005-02-07,16.030000686645508,16.100000381469727,15.75,15.75,13.16579532623291,1128300
2005-02-08,15.75,16.0,15.710000038146973,15.800000190734863,13.20759391784668,274900
2005-02-09,15.829999923706055,15.9399995803833,15.680000305175781,15.789999961853027,13.199234962463379,410500
2005-02-10,15.699999809265137,15.710000038146973,15.5,15.579999923706055,13.023691177368164,551600
2005-02-11,15.520000457763672,15.739999771118164,15.25,15.569999694824219,13.015332221984863,842000
2005-02-14,15.300000190734863,15.649999618530273,15.100000381469727,15.600000381469727,13.040407180786133,652500
2005-02-15,15.569999694824219,16.0,15.550000190734863,15.9399995803833,13.324625015258789,438400
2005-02-16,15.949999809265137,16.139999389648438,15.8100004196167,16.100000381469727,13.458373069763184,514800
2005-02-17,16.149999618530273,16.700000762939453,16.110000610351562,16.5,13.792738914489746,928500
2005-02-18,16.56999969482422,16.799999237060547,16.399999618530273,16.739999771118164,13.993364334106445,2403100
2005-02-22,16.520000457763672,16.790000915527344,16.3700008392334,16.450000762939453,13.750944137573242,782700
2005-02-23,16.399999618530273,16.75,16.350000381469727,16.600000381469727,13.876334190368652,474500
2005-02-24,16.510000228881836,16.75,16.450000762939453,16.75,14.00172233581543,482900
2005-02-25,16.75,17.270000457763672,16.75,17.270000457763672,14.436406135559082,1240600
2005-02-28,17.25,17.25,16.549999237060547,16.700000762939453,13.959932327270508,993300
2005-03-01,16.68000030517578,16.68000030517578,16.1200008392334,16.15999984741211,13.508524894714355,916800
2005-03-02,16.549999237060547,16.709999084472656,16.049999237060547,16.360000610351562,13.67570972442627,1275400
2005-03-03,16.5,16.700000762939453,16.25,16.25,13.583762168884277,836400
2005-03-04,16.399999618530273,16.760000228881836,16.350000381469727,16.510000228881836,13.801101684570312,1138700
2005-03-07,16.68000030517578,17.15999984741211,16.670000076293945,17.09000015258789,14.285931587219238,1395900
2005-03-08,17.450000762939453,17.450000762939453,17.200000762939453,17.25,14.419683456420898,1201500
2005-03-09,17.5,18.239999771118164,17.360000610351562,17.950000762939453,15.004834175109863,1465300
2005-03-10,17.950000762939453,18.09000015258789,17.389999389648438,17.899999618530273,14.963035583496094,966700
2005-03-11,18.049999237060547,18.079999923706055,17.899999618530273,18.0,15.046626091003418,722300
2005-03-14,18.030000686645508,18.15999984741211,17.420000076293945,17.850000381469727,14.921238899230957,1093100
2005-03-15,17.979999542236328,18.25,17.520000457763672,17.649999618530273,14.754049301147461,687800
2005-03-16,17.450000762939453,17.700000762939453,17.18000030517578,17.31999969482422,14.478199005126953,726300
2005-03-17,17.219999313354492,17.5,17.219999313354492,17.389999389648438,14.536712646484375,301200
2005-03-18,17.350000381469727,17.399999618530273,17.170000076293945,17.260000228881836,14.4280424118042,383200
2005-03-21,17.260000228881836,17.350000381469727,16.760000228881836,16.950000762939453,14.168907165527344,394800
2005-03-22,17.06999969482422,17.139999389648438,16.989999771118164,16.989999771118164,14.202342987060547,282500
2005-03-23,17.0,17.299999237060547,16.700000762939453,16.899999618530273,14.127110481262207,766900
2005-03-24,18.149999618530273,18.649999618530273,17.75,18.09000015258789,15.121855735778809,2373600
2005-03-28,18.299999237060547,18.34000015258789,17.780000686645508,17.829999923706055,14.90451717376709,732200
2005-03-29,17.780000686645508,18.0,17.399999618530273,17.40999984741211,14.55342960357666,457300
2005-03-30,17.469999313354492,17.850000381469727,17.450000762939453,17.700000762939453,14.795854568481445,522800
2005-03-31,17.700000762939453,18.200000762939453,17.700000762939453,17.989999771118164,15.038264274597168,1568500
2005-04-01,17.989999771118164,18.15999984741211,17.5,18.100000381469727,15.130219459533691,472000
2005-04-04,18.020000457763672,18.049999237060547,17.15999984741211,17.389999389648438,14.536712646484375,317800
2005-04-05,17.389999389648438,17.43000030517578,17.149999618530273,17.329999923706055,14.486556053161621,294300
2005-04-06,17.399999618530273,17.479999542236328,17.200000762939453,17.25,14.419683456420898,339900
2005-04-07,17.25,17.389999389648438,17.1299991607666,17.280000686645508,14.444764137268066,148700
2005-04-08,17.18000030517578,17.18000030517578,17.020000457763672,17.020000457763672,14.227421760559082,256800
2005-04-11,17.049999237060547,17.139999389648438,16.979999542236328,17.079999923706055,14.277569770812988,198600
2005-04-12,17.06999969482422,17.309999465942383,16.719999313354492,17.309999465942383,14.469841003417969,353500
2005-04-13,17.309999465942383,17.309999465942383,16.790000915527344,16.809999465942383,14.051878929138184,307000
2005-04-14,16.799999237060547,16.8700008392334,16.1299991607666,16.18000030517578,13.525245666503906,393000
2005-04-15,16.170000076293945,16.170000076293945,15.529999732971191,15.649999618530273,13.08220386505127,367600
2005-04-18,15.0,15.359999656677246,14.949999809265137,15.300000190734863,12.789631843566895,887200
2005-04-19,15.5,15.600000381469727,15.350000381469727,15.600000381469727,13.040407180786133,583900
2005-04-20,15.630000114440918,15.6899995803833,15.050000190734863,15.100000381469727,12.622446060180664,186800
2005-04-21,15.199999809265137,15.380000114440918,15.069999694824219,15.239999771118164,12.739477157592773,980800
2005-04-22,15.149999618530273,15.210000038146973,14.699999809265137,15.0,12.538857460021973,858800
2005-04-25,15.050000190734863,15.270000457763672,15.0,15.270000457763672,12.764555931091309,438900
2005-04-26,15.270000457763672,15.319999694824219,14.75,14.779999732971191,12.35495376586914,408600
2005-04-27,14.779999732971191,14.779999732971191,14.199999809265137,14.300000190734863,11.953706741333008,496200
2005-04-28,14.319999694824219,14.40999984741211,14.0600004196167,14.100000381469727,11.786524772644043,445600
2005-04-29,14.5,14.699999809265137,14.289999961853027,14.550000190734863,12.16269302368164,874600
2005-05-02,14.600000381469727,15.119999885559082,14.600000381469727,15.119999885559082,12.639164924621582,862700
2005-05-03,15.020000457763672,15.350000381469727,15.020000457763672,15.119999885559082,12.639164924621582,353400
2005-05-04,15.149999618530273,15.210000038146973,15.0,15.210000038146973,12.714400291442871,573700
2005-05-05,15.220000267028809,15.569999694824219,15.15999984741211,15.5,12.956815719604492,517700
2005-05-06,15.550000190734863,15.770000457763672,15.40999984741211,15.470000267028809,12.931739807128906,335500
2005-05-09,15.5,16.0,15.5,15.90999984741211,13.299544334411621,839900
2005-05-10,15.75,16.200000762939453,14.699999809265137,15.149999618530273,12.664240837097168,1417000
2005-05-11,15.140000343322754,15.239999771118164,15.0,15.09000015258789,12.614089012145996,816500
2005-05-12,15.069999694824219,15.279999732971191,14.680000305175781,14.850000381469727,12.413466453552246,770900
2005-05-13,14.850000381469727,14.899999618530273,14.25,14.260000228881836,11.920271873474121,420000
2005-05-16,14.300000190734863,14.510000228881836,14.0600004196167,14.0600004196167,11.753087043762207,592700
2005-05-17,14.079999923706055,14.15999984741211,13.539999961853027,14.15999984741211,11.836681365966797,805600
2005-05-18,14.210000038146973,14.8100004196167,14.079999923706055,14.640000343322754,12.237920761108398,640000
2005-05-19,15.449999809265137,15.449999809265137,15.109999656677246,15.279999732971191,12.77291488647461,698600
2005-05-20,15.399999618530273,15.670000076293945,15.25,15.550000190734863,12.998610496520996,381100
2005-05-23,15.600000381469727,16.299999237060547,15.510000228881836,16.25,13.583762168884277,756600
2005-05-24,16.25,16.25,15.800000190734863,16.100000381469727,13.458373069763184,604300
2005-05-25,16.020000457763672,16.110000610351562,15.779999732971191,15.9399995803833,13.324625015258789,336200
2005-05-26,16.040000915527344,16.040000915527344,15.40999984741211,15.619999885559082,13.05713176727295,330900
2005-05-27,15.600000381469727,15.630000114440918,15.199999809265137,15.529999732971191,12.981895446777344,297500
2005-05-31,15.520000457763672,15.529999732971191,15.319999694824219,15.479999542236328,12.94009780883789,261900
2005-06-01,15.5,15.9399995803833,15.5,15.760000228881836,13.174158096313477,457000
2005-06-02,15.699999809265137,15.949999809265137,15.640000343322754,15.949999809265137,13.332982063293457,333500
2005-06-03,15.899999618530273,15.899999618530273,15.800000190734863,15.880000114440918,13.274469375610352,195900
2005-06-06,15.869999885559082,15.869999885559082,15.800000190734863,15.850000381469727,13.2493896484375,295100
2005-06-07,15.899999618530273,15.899999618530273,15.6899995803833,15.819999694824219,13.224313735961914,247100
2005-06-08,15.8100004196167,15.8100004196167,15.739999771118164,15.789999961853027,13.199234962463379,575200
2005-06-09,15.800000190734863,15.84000015258789,15.75,15.800000190734863,13.20759391784668,492300
2005-06-10,15.800000190734863,15.800000190734863,15.739999771118164,15.800000190734863,13.20759391784668,236700
2005-06-13,15.75,15.779999732971191,15.539999961853027,15.640000343322754,13.073844909667969,149600
2005-06-14,15.600000381469727,15.800000190734863,15.550000190734863,15.699999809265137,13.124001502990723,528500
2005-06-15,15.760000228881836,15.869999885559082,15.720000267028809,15.869999885559082,13.266108512878418,1340000
2005-06-16,15.869999885559082,16.3799991607666,15.869999885559082,16.299999237060547,13.625555038452148,633500
2005-06-17,16.350000381469727,16.350000381469727,15.399999618530273,15.649999618530273,13.08220386505127,354400
2005-06-20,15.640000343322754,15.75,15.199999809265137,15.380000114440918,12.85650634765625,248200
2005-06-21,15.350000381469727,15.600000381469727,15.25,15.470000267028809,12.931739807128906,191100
2005-06-22,15.520000457763672,15.859999656677246,15.520000457763672,15.859999656677246,13.257749557495117,277900
2005-06-23,15.850000381469727,15.899999618530273,15.569999694824219,15.779999732971191,13.190876960754395,235400
2005-06-24,15.75,15.850000381469727,15.649999618530273,15.84000015258789,13.241035461425781,481100
2005-06-27,15.84000015258789,15.84000015258789,15.5,15.670000076293945,13.09892463684082,145700
2005-06-28,15.5600004196167,15.760000228881836,15.5600004196167,15.720000267028809,13.140719413757324,468700
2005-06-29,15.729999542236328,15.859999656677246,15.649999618530273,15.800000190734863,13.20759391784668,713200
2005-06-30,15.800000190734863,15.960000038146973,15.800000190734863,15.890000343322754,13.28282642364502,788200
2005-07-01,15.9399995803833,16.0,15.890000343322754,15.970000267028809,13.349703788757324,237100
2005-07-05,15.920000076293945,16.059999465942383,15.880000114440918,16.040000915527344,13.408214569091797,244000
2005-07-06,16.020000457763672,16.229999542236328,15.970000267028809,16.219999313354492,13.558682441711426,333500
2005-07-07,16.030000686645508,16.110000610351562,15.880000114440918,16.100000381469727,13.458373069763184,311100
2005-07-08,16.100000381469727,16.25,15.920000076293945,16.229999542236328,13.567042350769043,1252400
2005-07-11,16.399999618530273,17.010000228881836,16.399999618530273,16.940000534057617,14.160544395446777,766000
2005-07-12,17.100000381469727,17.5,17.0,17.420000076293945,14.561790466308594,1072800
2005-07-13,17.40999984741211,17.850000381469727,17.399999618530273,17.780000686645508,14.862727165222168,676900
2005-07-14,17.8799991607666,17.889999389648438,17.549999237060547,17.770000457763672,14.854363441467285,353300
2005-07-15,17.770000457763672,17.979999542236328,17.760000228881836,17.860000610351562,14.929596900939941,281700
2005-07-18,17.149999618530273,17.790000915527344,17.149999618530273,17.690000534057617,14.787491798400879,480900
2005-07-19,17.84000015258789,18.09000015258789,17.65999984741211,17.979999542236328,15.029903411865234,499400
2005-07-20,17.950000762939453,18.469999313354492,17.770000457763672,18.420000076293945,15.397714614868164,1111800
2005-07-21,18.5,18.700000762939453,18.229999542236328,18.530000686645508,15.489667892456055,600400
2005-07-22,18.5,18.5,18.360000610351562,18.420000076293945,15.397714614868164,139000
2005-07-25,18.399999618530273,18.549999237060547,18.3799991607666,18.399999618530273,15.380995750427246,1887400
2005-07-26,18.399999618530273,18.469999313354492,18.209999084472656,18.399999618530273,15.380995750427246,408800
2005-07-27,18.399999618530273,18.850000381469727,18.399999618530273,18.790000915527344,15.706999778747559,331000
2005-07-28,18.700000762939453,18.780000686645508,18.559999465942383,18.700000762939453,15.63177490234375,219700
2005-07-29,18.700000762939453,18.81999969482422,18.5,18.81999969482422,15.732076644897461,197300
2005-08-01,18.8700008392334,18.8700008392334,18.6299991607666,18.809999465942383,15.723725318908691,199200
2005-08-02,18.799999237060547,18.979999542236328,18.799999237060547,18.8799991607666,15.815868377685547,251200
2005-08-03,18.8799991607666,19.0,18.56999969482422,18.59000015258789,15.572937965393066,530700
2005-08-04,18.600000381469727,18.600000381469727,18.329999923706055,18.440000534057617,15.447282791137695,1220900
2005-08-05,18.479999542236328,18.489999771118164,18.260000228881836,18.440000534057617,15.447282791137695,61700
2005-08-08,18.489999771118164,18.559999465942383,18.299999237060547,18.420000076293945,15.430530548095703,92700
2005-08-09,19.25,19.299999237060547,18.719999313354492,19.010000228881836,15.924774169921875,910100
2005-08-10,19.25,19.280000686645508,19.020000457763672,19.1200008392334,16.016916275024414,270500
2005-08-11,19.049999237060547,19.6299991607666,19.049999237060547,19.579999923706055,16.402265548706055,320700
2005-08-12,19.479999542236328,19.610000610351562,19.299999237060547,19.610000610351562,16.427387237548828,343100
2005-08-15,19.6200008392334,19.889999389648438,19.5,19.739999771118164,16.536291122436523,223800
2005-08-16,19.610000610351562,19.770000457763672,19.549999237060547,19.600000381469727,16.419021606445312,742100
2005-08-17,19.579999923706055,19.579999923706055,19.31999969482422,19.440000534057617,16.284984588623047,445000
2005-08-18,19.40999984741211,19.440000534057617,19.139999389648438,19.229999542236328,16.109067916870117,331800
2005-08-19,19.229999542236328,19.229999542236328,19.059999465942383,19.209999084472656,16.092315673828125,180500
2005-08-22,19.209999084472656,19.719999313354492,19.110000610351562,19.459999084472656,16.301738739013672,582200
2005-08-23,19.549999237060547,20.059999465942383,19.549999237060547,20.059999465942383,16.804367065429688,468100
2005-08-24,19.93000030517578,19.969999313354492,19.709999084472656,19.75,16.5446720123291,437900
2005-08-25,19.790000915527344,19.850000381469727,18.790000915527344,19.149999618530273,16.042049407958984,633400
2005-08-26,19.149999618530273,19.3799991607666,18.729999542236328,18.829999923706055,15.773983001708984,307300
2005-08-29,18.670000076293945,18.700000762939453,18.010000228881836,18.610000610351562,15.58968448638916,387600
2005-08-30,18.600000381469727,18.670000076293945,18.260000228881836,18.40999984741211,15.422151565551758,273300
2005-08-31,18.40999984741211,18.549999237060547,18.049999237060547,18.43000030517578,15.4389009475708,451000
2005-09-01,18.5,18.799999237060547,18.350000381469727,18.649999618530273,15.623207092285156,433400
2005-09-02,18.649999618530273,18.700000762939453,18.450000762939453,18.59000015258789,15.572937965393066,115900
2005-09-06,18.65999984741211,18.739999771118164,18.479999542236328,18.65999984741211,15.631577491760254,190400
2005-09-07,18.600000381469727,19.030000686645508,18.59000015258789,18.81999969482422,15.765605926513672,230200
2005-09-08,18.8700008392334,19.049999237060547,18.829999923706055,18.889999389648438,15.824247360229492,211300
2005-09-09,18.899999618530273,19.049999237060547,18.700000762939453,19.030000686645508,15.94153118133545,108100
2005-09-12,19.100000381469727,19.260000228881836,18.770000457763672,19.229999542236328,16.109067916870117,144600
2005-09-13,19.229999542236328,19.329999923706055,19.06999969482422,19.260000228881836,16.134193420410156,219300
2005-09-14,19.149999618530273,19.34000015258789,19.059999465942383,19.1299991607666,16.025299072265625,885000
2005-09-15,19.1299991607666,19.139999389648438,18.34000015258789,18.479999542236328,15.480792045593262,540500
2005-09-16,18.510000228881836,18.6299991607666,18.350000381469727,18.420000076293945,15.430530548095703,114400
2005-09-19,18.459999084472656,18.459999084472656,17.8700008392334,18.149999618530273,15.204344749450684,210300
2005-09-20,18.100000381469727,18.100000381469727,17.649999618530273,17.68000030517578,14.810628890991211,684900
2005-09-21,17.56999969482422,17.579999923706055,16.950000762939453,17.110000610351562,14.33313274383545,259500
2005-09-22,17.110000610351562,17.209999084472656,16.649999618530273,17.100000381469727,14.32475757598877,413500
2005-09-23,17.020000457763672,17.530000686645508,16.959999084472656,17.350000381469727,14.534184455871582,554600
2005-09-26,17.450000762939453,17.450000762939453,17.030000686645508,17.110000610351562,14.33313274383545,296100
2005-09-27,17.049999237060547,17.139999389648438,16.56999969482422,16.950000762939453,14.199100494384766,288900
2005-09-28,16.959999084472656,17.059999465942383,16.739999771118164,16.860000610351562,14.123710632324219,319100
2005-09-29,16.899999618530273,17.040000915527344,16.690000534057617,17.030000686645508,14.266119956970215,174800
2005-09-30,17.030000686645508,17.520000457763672,16.950000762939453,17.25,14.450414657592773,232700
2005-10-03,17.299999237060547,17.34000015258789,16.690000534057617,16.770000457763672,14.04831600189209,207900
2005-10-04,16.719999313354492,17.18000030517578,16.700000762939453,16.920000076293945,14.173970222473145,96600
2005-10-05,16.920000076293945,16.920000076293945,16.649999618530273,16.860000610351562,14.123710632324219,186000
2005-10-06,16.860000610351562,16.860000610351562,16.510000228881836,16.700000762939453,13.989680290222168,309100
2005-10-07,16.68000030517578,17.18000030517578,16.68000030517578,17.030000686645508,14.266119956970215,141300
2005-10-10,17.079999923706055,17.079999923706055,16.56999969482422,16.68000030517578,13.972920417785645,111800
2005-10-11,16.68000030517578,17.18000030517578,16.68000030517578,16.850000381469727,14.115328788757324,251400
2005-10-12,16.809999465942383,16.8700008392334,16.670000076293945,16.68000030517578,14.0061674118042,159400
2005-10-13,16.68000030517578,16.8700008392334,16.600000381469727,16.709999084472656,14.031360626220703,152300
2005-10-14,16.700000762939453,17.1200008392334,16.469999313354492,16.93000030517578,14.216094017028809,138400
2005-10-17,16.93000030517578,16.93000030517578,16.65999984741211,16.68000030517578,14.0061674118042,137100
2005-10-18,16.700000762939453,16.739999771118164,16.520000457763672,16.600000381469727,13.938993453979492,159800
2005-10-19,16.610000610351562,16.829999923706055,16.489999771118164,16.6200008392334,13.955787658691406,146500
2005-10-20,16.6200008392334,16.709999084472656,16.31999969482422,16.350000381469727,13.729068756103516,288400
2005-10-21,16.450000762939453,16.479999542236328,16.299999237060547,16.309999465942383,13.695478439331055,205200
2005-10-24,16.3700008392334,16.809999465942383,16.31999969482422,16.65999984741211,13.989371299743652,336100
2005-10-25,16.75,16.770000457763672,16.399999618530273,16.5,13.855023384094238,173200
2005-10-26,16.450000762939453,16.75,16.399999618530273,16.479999542236328,13.83823013305664,216300
2005-10-27,16.469999313354492,16.5,16.25,16.260000228881836,13.653498649597168,67200
2005-10-28,16.420000076293945,17.25,16.420000076293945,17.25,14.4847993850708,252600
2005-10-31,17.399999618530273,17.639999389648438,17.34000015258789,17.639999389648438,14.81227970123291,278600
2005-11-01,17.6200008392334,17.860000610351562,17.309999465942383,17.799999237060547,14.946633338928223,234500
2005-11-02,17.829999923706055,18.219999313354492,17.75,18.219999313354492,15.299300193786621,408900
2005-11-03,18.209999084472656,18.399999618530273,17.889999389648438,17.920000076293945,15.047398567199707,191100
2005-11-04,17.920000076293945,18.15999984741211,17.670000076293945,18.1200008392334,15.21532917022705,133700
2005-11-07,18.200000762939453,18.5,17.75,18.299999237060547,15.366477966308594,228400
2005-11-08,18.299999237060547,18.299999237060547,17.6299991607666,17.75,14.904646873474121,207100
2005-11-09,17.600000381469727,17.600000381469727,15.579999923706055,16.56999969482422,13.913800239562988,1067800
2005-11-10,16.600000381469727,16.739999771118164,16.200000762939453,16.299999237060547,13.687084197998047,1589500
2005-11-11,17.489999771118164,17.799999237060547,17.329999923706055,17.549999237060547,14.736705780029297,985700
2005-11-14,17.25,17.290000915527344,16.850000381469727,17.010000228881836,14.283266067504883,2238300
2005-11-15,17.049999237060547,17.350000381469727,16.920000076293945,17.149999618530273,14.400829315185547,687900
2005-11-16,17.139999389648438,17.200000762939453,16.75,17.100000381469727,14.358846664428711,815900
2005-11-17,17.1200008392334,17.350000381469727,16.969999313354492,17.09000015258789,14.350445747375488,544100
2005-11-18,17.09000015258789,17.25,16.979999542236328,17.010000228881836,14.283266067504883,244800
2005-11-21,17.0,17.020000457763672,16.860000610351562,16.889999389648438,14.182504653930664,176200
2005-11-22,16.979999542236328,17.420000076293945,16.979999542236328,17.15999984741211,14.409215927124023,827900
2005-11-23,17.18000030517578,17.399999618530273,17.149999618530273,17.3700008392334,14.585559844970703,670400
2005-11-25,17.3700008392334,17.520000457763672,17.309999465942383,17.520000457763672,14.711517333984375,302500
2005-11-28,17.559999465942383,17.579999923706055,17.350000381469727,17.420000076293945,14.627540588378906,232300
2005-11-29,17.5,17.6200008392334,17.280000686645508,17.40999984741211,14.61915111541748,525100
2005-11-30,17.450000762939453,17.530000686645508,17.15999984741211,17.299999237060547,14.526782035827637,552800
2005-12-01,17.399999618530273,17.5,17.329999923706055,17.489999771118164,14.68632984161377,410600
2005-12-02,17.399999618530273,17.5,17.329999923706055,17.399999618530273,14.610753059387207,291800
2005-12-05,17.399999618530273,17.59000015258789,17.170000076293945,17.5,14.694718360900879,279100
2005-12-06,17.610000610351562,17.75,17.5,17.649999618530273,14.820670127868652,295500
2005-12-07,17.700000762939453,17.75,17.360000610351562,17.399999618530273,14.610753059387207,381900
2005-12-08,17.510000228881836,17.530000686645508,17.100000381469727,17.200000762939453,14.44281005859375,674400
2005-12-09,17.200000762939453,17.34000015258789,17.06999969482422,17.100000381469727,14.358846664428711,533400
2005-12-12,17.219999313354492,17.600000381469727,17.149999618530273,17.450000762939453,14.65273666381836,769400
2005-12-13,18.75,18.899999618530273,18.3799991607666,18.790000915527344,15.777928352355957,3479500
2005-12-14,18.899999618530273,18.989999771118164,18.5,18.700000762939453,15.70235824584961,1961800
2005-12-15,18.75,18.950000762939453,18.579999923706055,18.8799991607666,15.853500366210938,1818700
2005-12-16,18.899999618530273,19.3799991607666,18.860000610351562,19.290000915527344,16.19778060913086,987800
2005-12-19,19.440000534057617,19.690000534057617,19.309999465942383,19.639999389648438,16.491676330566406,972000
2005-12-20,19.75,19.75,19.270000457763672,19.329999923706055,16.231367111206055,275700
2005-12-21,19.34000015258789,19.510000228881836,18.969999313354492,19.149999618530273,16.080224990844727,288500
2005-12-22,19.190000534057617,19.229999542236328,19.020000457763672,19.09000015258789,16.029836654663086,251400
2005-12-23,19.1299991607666,19.5,19.1299991607666,19.389999389648438,16.28175163269043,280600
2005-12-27,19.3799991607666,19.760000228881836,19.329999923706055,19.350000381469727,16.24815559387207,232400
2005-12-28,19.450000762939453,19.450000762939453,18.84000015258789,19.299999237060547,16.2061824798584,580100
2005-12-29,19.299999237060547,19.579999923706055,19.040000915527344,19.18000030517578,16.105411529541016,236800
2005-12-30,19.040000915527344,19.190000534057617,18.81999969482422,19.1200008392334,16.05503273010254,279400
2006-01-03,19.350000381469727,19.84000015258789,18.899999618530273,19.770000457763672,16.600839614868164,651700
2006-01-04,19.770000457763672,19.950000762939453,19.450000762939453,19.799999237060547,16.626028060913086,216800
2006-01-05,19.799999237060547,19.959999084472656,19.450000762939453,19.770000457763672,16.600839614868164,611800
2006-01-06,19.829999923706055,19.889999389648438,19.6299991607666,19.729999542236328,16.567251205444336,218700
2006-01-09,19.739999771118164,19.739999771118164,19.219999313354492,19.3799991607666,16.273347854614258,560500
2006-01-10,19.280000686645508,19.639999389648438,19.270000457763672,19.5,16.374113082885742,303800
2006-01-11,19.40999984741211,19.510000228881836,19.25,19.270000457763672,16.214252471923828,170200
2006-01-12,19.270000457763672,19.290000915527344,18.899999618530273,19.020000457763672,16.003896713256836,227800
2006-01-13,19.09000015258789,19.399999618530273,19.040000915527344,19.139999389648438,16.1048641204834,211300
2006-01-17,19.25,20.1200008392334,19.1200008392334,20.049999237060547,16.870555877685547,1104200
2006-01-18,20.0,20.229999542236328,19.579999923706055,19.809999465942383,16.668615341186523,1366400
2006-01-19,19.899999618530273,20.100000381469727,19.829999923706055,20.0,16.828495025634766,471000
2006-01-20,20.0,20.0,19.540000915527344,19.6200008392334,16.50874900817871,210000
2006-01-23,19.600000381469727,19.860000610351562,19.469999313354492,19.729999542236328,16.601303100585938,585000
2006-01-24,19.799999237060547,20.309999465942383,19.75,20.290000915527344,17.07249641418457,355600
2006-01-25,20.290000915527344,20.520000457763672,20.149999618530273,20.34000015258789,17.114578247070312,662900
2006-01-26,20.350000381469727,20.510000228881836,20.219999313354492,20.350000381469727,17.12298583984375,358400
2006-01-27,20.59000015258789,20.600000381469727,20.170000076293945,20.280000686645508,17.064088821411133,191900
2006-01-30,20.3799991607666,20.489999771118164,19.850000381469727,20.15999984741211,16.963115692138672,392500
2006-01-31,20.149999618530273,20.479999542236328,20.1200008392334,20.469999313354492,17.22395896911621,242900
2006-02-01,20.350000381469727,20.489999771118164,20.15999984741211,20.18000030517578,16.979938507080078,419100
2006-02-02,20.209999084472656,20.5,19.899999618530273,20.020000457763672,16.845321655273438,470800
2006-02-03,19.93000030517578,20.260000228881836,19.5,20.219999313354492,17.013599395751953,533000
2006-02-06,20.25,20.739999771118164,20.15999984741211,20.6200008392334,17.35017204284668,650400
2006-02-07,20.6200008392334,20.6200008392334,20.1200008392334,20.31999969482422,17.097742080688477,515900
2006-02-08,20.329999923706055,20.329999923706055,20.149999618530273,20.239999771118164,17.030431747436523,304800
2006-02-09,20.200000762939453,20.649999618530273,20.200000762939453,20.31999969482422,17.097742080688477,331400
2006-02-10,20.350000381469727,20.649999618530273,20.049999237060547,20.6299991607666,17.358585357666016,206600
2006-02-13,20.579999923706055,20.579999923706055,20.1299991607666,20.190000534057617,16.988365173339844,224800
2006-02-14,20.18000030517578,20.219999313354492,19.549999237060547,20.219999313354492,17.013599395751953,686600
2006-02-15,20.260000228881836,21.6299991607666,20.260000228881836,21.149999618530273,17.796123504638672,1193900
2006-02-16,22.0,22.0,20.25,20.68000030517578,17.400657653808594,1232100
2006-02-17,20.6200008392334,21.309999465942383,20.299999237060547,21.219999313354492,17.855022430419922,721400
2006-02-21,21.450000762939453,21.559999465942383,21.100000381469727,21.3799991607666,17.98965072631836,299100
2006-02-22,21.3799991607666,21.56999969482422,21.219999313354492,21.56999969482422,18.149526596069336,400400
2006-02-23,21.700000762939453,21.719999313354492,21.34000015258789,21.59000015258789,18.166343688964844,414200
2006-02-24,21.56999969482422,21.719999313354492,21.3799991607666,21.510000228881836,18.09903335571289,505000
2006-02-27,21.600000381469727,21.959999084472656,21.56999969482422,21.860000610351562,18.393539428710938,488100
2006-02-28,21.84000015258789,21.850000381469727,21.350000381469727,21.399999618530273,18.00647735595703,330600
2006-03-01,21.450000762939453,21.469999313354492,21.09000015258789,21.389999389648438,17.998062133789062,307900
2006-03-02,21.350000381469727,21.969999313354492,21.010000228881836,21.899999618530273,18.42719078063965,271700
2006-03-03,21.75,21.90999984741211,21.59000015258789,21.729999542236328,18.284156799316406,366500
2006-03-06,21.700000762939453,21.700000762939453,20.8700008392334,20.979999542236328,17.653087615966797,288700
2006-03-07,21.350000381469727,21.360000610351562,20.3700008392334,20.489999771118164,17.24078369140625,586800
2006-03-08,20.3799991607666,20.579999923706055,20.079999923706055,20.350000381469727,17.12298583984375,676700
2006-03-09,20.450000762939453,20.549999237060547,20.229999542236328,20.299999237060547,17.080913543701172,256400
2006-03-10,20.299999237060547,20.670000076293945,20.200000762939453,20.6200008392334,17.35017204284668,98600
2006-03-13,20.649999618530273,21.0,20.309999465942383,20.8700008392334,17.56052589416504,315600
2006-03-14,20.780000686645508,20.84000015258789,20.579999923706055,20.729999542236328,17.44272804260254,111600
2006-03-15,20.799999237060547,21.559999465942383,20.799999237060547,21.5,18.09062385559082,391500
2006-03-16,21.5,21.75,21.139999389648438,21.690000534057617,18.25049591064453,406600
2006-03-17,21.700000762939453,21.700000762939453,20.860000610351562,21.020000457763672,17.68674087524414,248900
2006-03-20,21.149999618530273,21.68000030517578,20.920000076293945,21.040000915527344,17.703567504882812,436900
2006-03-21,21.1200008392334,21.459999084472656,21.0,21.020000457763672,17.68674087524414,269300
2006-03-22,21.09000015258789,21.389999389648438,20.989999771118164,21.3700008392334,17.98123550415039,289800
2006-03-23,21.25,21.309999465942383,20.860000610351562,20.860000610351562,17.5521183013916,453700
2006-03-24,20.899999618530273,21.06999969482422,20.540000915527344,20.59000015258789,17.324928283691406,128200
2006-03-27,20.579999923706055,20.889999389648438,20.510000228881836,20.799999237060547,17.50162696838379,383200
2006-03-28,20.719999313354492,20.959999084472656,19.899999618530273,20.15999984741211,16.963115692138672,635400
2006-03-29,20.299999237060547,20.530000686645508,20.190000534057617,20.43000030517578,17.19029998779297,176400
2006-03-30,20.43000030517578,20.850000381469727,20.260000228881836,20.84000015258789,17.535289764404297,245000
2006-03-31,20.84000015258789,21.1200008392334,20.56999969482422,20.969999313354492,17.644670486450195,363400
2006-04-03,20.979999542236328,21.200000762939453,20.5,20.579999923706055,17.316509246826172,351200
2006-04-04,20.579999923706055,21.059999465942383,20.459999084472656,21.010000228881836,17.678325653076172,338400
2006-04-05,21.010000228881836,21.100000381469727,20.440000534057617,20.540000915527344,17.28285026550293,736400
2006-04-06,20.540000915527344,20.600000381469727,20.15999984741211,20.190000534057617,16.988365173339844,484100
2006-04-07,20.18000030517578,20.290000915527344,20.0,20.030000686645508,16.853731155395508,354400
2006-04-10,20.110000610351562,20.25,19.989999771118164,20.040000915527344,16.862146377563477,190700
2006-04-11,20.3700008392334,20.469999313354492,19.850000381469727,19.940000534057617,16.811553955078125,324200
2006-04-12,20.0,20.350000381469727,19.989999771118164,20.239999771118164,17.064483642578125,239500
2006-04-13,20.149999618530273,20.270000457763672,20.030000686645508,20.239999771118164,17.064483642578125,163900
2006-04-17,20.239999771118164,20.610000610351562,20.149999618530273,20.440000534057617,17.233108520507812,601700
2006-04-18,20.549999237060547,20.979999542236328,20.549999237060547,20.8799991607666,17.604080200195312,479400
2006-04-19,20.950000762939453,21.5,20.950000762939453,21.489999771118164,18.11836814880371,602000
2006-04-20,21.489999771118164,21.59000015258789,21.110000610351562,21.5,18.126800537109375,213300
2006-04-21,21.5,21.920000076293945,21.350000381469727,21.790000915527344,18.371307373046875,263700
2006-04-24,21.790000915527344,21.979999542236328,21.610000610351562,21.979999542236328,18.531496047973633,202200
2006-04-25,21.979999542236328,21.979999542236328,21.579999923706055,21.700000762939453,18.295433044433594,363600
2006-04-26,21.690000534057617,21.860000610351562,21.6200008392334,21.809999465942383,18.388166427612305,179700
2006-04-27,21.780000686645508,22.329999923706055,21.56999969482422,22.110000610351562,18.64110565185547,547200
2006-04-28,22.0,22.219999313354492,21.770000457763672,21.950000762939453,18.506206512451172,374400
2006-05-01,22.049999237060547,22.149999618530273,21.739999771118164,22.010000228881836,18.556791305541992,392600
2006-05-02,22.010000228881836,22.260000228881836,22.010000228881836,22.079999923706055,18.61580467224121,450300
2006-05-03,22.139999389648438,22.729999542236328,22.139999389648438,22.510000228881836,18.978343963623047,747500
2006-05-04,22.510000228881836,22.690000534057617,22.329999923706055,22.440000534057617,18.919336318969727,651700
2006-05-05,22.5,22.709999084472656,22.459999084472656,22.5,18.969911575317383,501600
2006-05-08,22.530000686645508,22.75,22.360000610351562,22.729999542236328,19.163827896118164,441600
2006-05-09,22.649999618530273,22.709999084472656,22.149999618530273,22.420000076293945,18.902467727661133,421700
2006-05-10,21.200000762939453,21.719999313354492,21.149999618530273,21.270000457763672,17.932889938354492,6175500
2006-05-11,21.290000915527344,21.670000076293945,21.290000915527344,21.540000915527344,18.160533905029297,3782400
2006-05-12,21.540000915527344,21.549999237060547,20.530000686645508,20.81999969482422,17.553491592407227,2374500
2006-05-15,21.0,21.0,20.34000015258789,20.729999542236328,17.477609634399414,1587900
2006-05-16,20.850000381469727,21.229999542236328,20.799999237060547,21.059999465942383,17.755840301513672,1404400
2006-05-17,21.0,21.079999923706055,20.3700008392334,20.399999618530273,17.199392318725586,1446900
2006-05-18,20.399999618530273,20.790000915527344,20.149999618530273,20.270000457763672,17.089794158935547,1784400
2006-05-19,20.5,20.719999313354492,20.209999084472656,20.600000381469727,17.36800765991211,1897900
2006-05-22,20.600000381469727,20.600000381469727,19.3700008392334,19.809999465942383,16.701950073242188,1806500
2006-05-23,19.899999618530273,20.15999984741211,19.75,19.809999465942383,16.701950073242188,1221900
2006-05-24,19.81999969482422,19.90999984741211,18.920000076293945,19.15999984741211,16.153928756713867,2008800
2006-05-25,19.25,19.670000076293945,19.25,19.579999923706055,16.50803565979004,1493700
2006-05-26,19.639999389648438,19.8700008392334,19.43000030517578,19.610000610351562,16.533334732055664,1038600
2006-05-30,19.549999237060547,19.549999237060547,19.0,19.030000686645508,16.04433250427246,898800
2006-05-31,19.899999618530273,19.899999618530273,19.600000381469727,19.709999084472656,16.617639541625977,1789200
2006-06-01,19.969999313354492,20.350000381469727,19.75,20.209999084472656,17.03919792175293,1401100
2006-06-02,20.25,20.510000228881836,20.149999618530273,20.459999084472656,17.249971389770508,963200
2006-06-05,20.459999084472656,20.459999084472656,19.8700008392334,19.989999771118164,16.853713989257812,552200
2006-06-06,20.09000015258789,20.229999542236328,19.540000915527344,19.8799991607666,16.760974884033203,1017500
2006-06-07,19.899999618530273,19.959999084472656,19.110000610351562,19.1299991607666,16.128639221191406,768300
2006-06-08,19.700000762939453,19.700000762939453,18.5,19.139999389648438,16.1370792388916,1930200
2006-06-09,19.1200008392334,19.31999969482422,18.860000610351562,18.90999984741211,15.943156242370605,974200
2006-06-12,18.950000762939453,19.100000381469727,18.59000015258789,18.65999984741211,15.732379913330078,501200
2006-06-13,18.639999389648438,18.989999771118164,18.610000610351562,18.84000015258789,15.884139060974121,829000
2006-06-14,18.850000381469727,19.06999969482422,18.81999969482422,18.979999542236328,16.00217056274414,688800
2006-06-15,19.09000015258789,19.8700008392334,19.0,19.700000762939453,16.609216690063477,1118100
2006-06-16,19.690000534057617,19.799999237060547,19.309999465942383,19.700000762939453,16.609216690063477,904800
2006-06-19,19.739999771118164,19.799999237060547,19.149999618530273,19.25,16.229806900024414,383400
2006-06-20,19.290000915527344,19.6200008392334,19.200000762939453,19.200000762939453,16.187660217285156,931600
2006-06-21,19.170000076293945,19.770000457763672,19.149999618530273,19.56999969482422,16.499605178833008,597100
2006-06-22,19.579999923706055,19.920000076293945,19.459999084472656,19.8700008392334,16.752544403076172,960000
2006-06-23,19.8799991607666,20.1200008392334,19.600000381469727,19.989999771118164,16.853713989257812,859600
2006-06-26,20.09000015258789,20.200000762939453,19.889999389648438,19.979999542236328,16.84528160095215,441600
2006-06-27,20.100000381469727,20.290000915527344,19.75,20.0,16.86214256286621,536300
2006-06-28,20.100000381469727,20.1299991607666,19.75,20.0,16.86214256286621,328000
2006-06-29,20.209999084472656,20.420000076293945,19.989999771118164,20.389999389648438,17.19095802307129,820700
2006-06-30,20.420000076293945,20.56999969482422,20.170000076293945,20.420000076293945,17.216249465942383,1518500
2006-07-03,20.43000030517578,20.65999984741211,20.43000030517578,20.579999923706055,17.351144790649414,459100
2006-07-05,20.479999542236328,20.639999389648438,20.110000610351562,20.469999313354492,17.258403778076172,451800
2006-07-06,20.479999542236328,20.56999969482422,20.229999542236328,20.389999389648438,17.19095802307129,471200
2006-07-07,20.440000534057617,20.530000686645508,20.18000030517578,20.43000030517578,17.224674224853516,577900
2006-07-10,20.639999389648438,20.700000762939453,20.459999084472656,20.6200008392334,17.384872436523438,650100
2006-07-11,20.579999923706055,20.700000762939453,20.350000381469727,20.5,17.28369903564453,559800
2006-07-12,20.469999313354492,20.530000686645508,20.079999923706055,20.139999389648438,17.01338005065918,501600
2006-07-13,20.06999969482422,20.149999618530273,19.610000610351562,19.649999618530273,16.599454879760742,561700
2006-07-14,19.649999618530273,19.700000762939453,19.40999984741211,19.510000228881836,16.481184005737305,666000
2006-07-17,19.440000534057617,19.600000381469727,19.0,19.25,16.261547088623047,705200
2006-07-18,19.299999237060547,19.459999084472656,18.799999237060547,19.0,16.05035972595215,724000
2006-07-19,19.09000015258789,19.719999313354492,19.09000015258789,19.489999771118164,16.464284896850586,1005000
2006-07-20,19.540000915527344,19.649999618530273,19.3700008392334,19.3799991607666,16.371360778808594,497000
2006-07-21,19.350000381469727,19.350000381469727,18.799999237060547,18.850000381469727,15.923646926879883,509500
2006-07-24,18.8700008392334,19.56999969482422,18.719999313354492,19.43000030517578,16.413597106933594,1633100
2006-07-25,19.579999923706055,19.729999542236328,19.389999389648438,19.579999923706055,16.540315628051758,606400
2006-07-26,19.540000915527344,19.549999237060547,19.149999618530273,19.440000534057617,16.42205047607422,360700
2006-07-27,19.450000762939453,19.579999923706055,18.780000686645508,18.809999465942383,15.88985824584961,964300
2006-07-28,18.829999923706055,19.360000610351562,18.809999465942383,19.200000762939453,16.21930503845215,789100
2006-07-31,19.200000762939453,19.209999084472656,18.920000076293945,19.209999084472656,16.22775650024414,427500
2006-08-01,18.25,18.260000228881836,16.799999237060547,17.25,14.572033882141113,3965600
2006-08-02,17.25,18.020000457763672,17.25,17.729999542236328,14.97751522064209,1277300
2006-08-03,17.59000015258789,17.649999618530273,17.299999237060547,17.350000381469727,14.656506538391113,1126500
2006-08-04,17.5,17.719999313354492,17.450000762939453,17.700000762939453,14.952177047729492,701900
2006-08-07,17.700000762939453,17.899999618530273,17.610000610351562,17.889999389648438,15.112676620483398,636500
2006-08-08,17.899999618530273,18.440000534057617,17.899999618530273,18.3700008392334,15.518159866333008,1167400
2006-08-09,18.469999313354492,18.5,18.1299991607666,18.200000762939453,15.37454891204834,1300600
2006-08-10,18.18000030517578,18.3799991607666,17.989999771118164,18.350000381469727,15.501262664794922,695400
2006-08-11,18.290000915527344,18.3700008392334,17.850000381469727,18.0,15.205598831176758,639400
2006-08-14,18.200000762939453,18.3799991607666,17.920000076293945,17.989999771118164,15.197152137756348,577900
2006-08-15,18.170000076293945,18.469999313354492,18.049999237060547,18.40999984741211,15.55195140838623,646400
2006-08-16,18.40999984741211,18.700000762939453,18.40999984741211,18.579999923706055,15.695557594299316,644500
2006-08-17,18.6200008392334,19.1200008392334,18.59000015258789,19.0,16.05035972595215,931900
2006-08-18,19.0,19.06999969482422,18.610000610351562,19.059999465942383,16.10103416442871,397500
2006-08-21,18.950000762939453,18.950000762939453,18.549999237060547,18.600000381469727,15.712454795837402,693500
2006-08-22,18.5,18.700000762939453,18.5,18.690000534057617,15.788481712341309,361900
2006-08-23,18.6299991607666,18.700000762939453,18.290000915527344,18.3700008392334,15.518159866333008,447900
2006-08-24,18.34000015258789,18.450000762939453,18.239999771118164,18.290000915527344,15.450580596923828,1334600
2006-08-25,18.25,18.3799991607666,18.229999542236328,18.239999771118164,15.408343315124512,174000
2006-08-28,18.190000534057617,18.43000030517578,18.190000534057617,18.389999389648438,15.535052299499512,290800
2006-08-29,18.389999389648438,18.739999771118164,18.350000381469727,18.700000762939453,15.796930313110352,417800
2006-08-30,18.520000457763672,18.729999542236328,18.450000762939453,18.59000015258789,15.704005241394043,644300
2006-08-31,18.649999618530273,18.84000015258789,18.3799991607666,18.489999771118164,15.61953353881836,589500
2006-09-01,18.520000457763672,18.790000915527344,18.329999923706055,18.690000534057617,15.788481712341309,391700
2006-09-05,18.649999618530273,18.75,18.3799991607666,18.469999313354492,15.602635383605957,517800
2006-09-06,18.40999984741211,18.40999984741211,17.84000015258789,17.860000610351562,15.087333679199219,750800
2006-09-07,17.889999389648438,17.920000076293945,17.56999969482422,17.809999465942383,15.04509162902832,543200
2006-09-08,17.93000030517578,18.18000030517578,17.850000381469727,18.040000915527344,15.239391326904297,187200
2006-09-11,18.049999237060547,18.190000534057617,17.760000228881836,18.170000076293945,15.349213600158691,261900
2006-09-12,18.170000076293945,18.290000915527344,18.1200008392334,18.200000762939453,15.37454891204834,353900
2006-09-13,18.219999313354492,18.25,17.959999084472656,17.989999771118164,15.197152137756348,585400
2006-09-14,17.899999618530273,18.079999923706055,17.75,17.84000015258789,15.070436477661133,807300
2006-09-15,18.010000228881836,18.040000915527344,17.84000015258789,17.90999984741211,15.129571914672852,894900
2006-09-18,17.920000076293945,18.270000457763672,17.649999618530273,18.049999237060547,15.247834205627441,572100
2006-09-19,18.049999237060547,18.09000015258789,17.649999618530273,17.850000381469727,15.078889846801758,614600
2006-09-20,17.850000381469727,18.280000686645508,17.850000381469727,18.25,15.416788101196289,1547300
2006-09-21,18.209999084472656,18.81999969482422,18.1200008392334,18.469999313354492,15.602635383605957,971000
2006-09-22,18.43000030517578,18.450000762939453,18.100000381469727,18.139999389648438,15.323866844177246,402200
2006-09-25,17.90999984741211,18.5,17.90999984741211,18.31999969482422,15.475919723510742,828400
2006-09-26,18.350000381469727,18.489999771118164,18.239999771118164,18.31999969482422,15.475919723510742,956100
2006-09-27,18.200000762939453,18.3799991607666,18.18000030517578,18.229999542236328,15.399892807006836,793900
2006-09-28,18.329999923706055,18.389999389648438,17.959999084472656,18.010000228881836,15.214046478271484,688600
2006-09-29,18.0,18.09000015258789,17.889999389648438,17.899999618530273,15.121119499206543,604600
2006-10-02,17.90999984741211,17.90999984741211,17.5,17.59000015258789,14.85925006866455,937100
2006-10-03,17.579999923706055,18.0,17.450000762939453,17.790000915527344,15.02820110321045,1001100
2006-10-04,17.81999969482422,17.959999084472656,17.549999237060547,17.780000686645508,15.019754409790039,791400
2006-10-05,17.770000457763672,18.479999542236328,17.770000457763672,18.350000381469727,15.501262664794922,880700
2006-10-06,18.260000228881836,18.280000686645508,17.979999542236328,18.059999465942383,15.256280899047852,483600
2006-10-09,18.020000457763672,18.110000610351562,17.950000762939453,18.030000686645508,15.230945587158203,477100
2006-10-10,18.100000381469727,18.219999313354492,17.8700008392334,17.93000030517578,15.146468162536621,420500
2006-10-11,17.8799991607666,17.959999084472656,17.799999237060547,17.84000015258789,15.104130744934082,376500
2006-10-12,17.850000381469727,18.049999237060547,17.790000915527344,17.850000381469727,15.112600326538086,896000
2006-10-13,17.8799991607666,18.399999618530273,17.809999465942383,18.190000534057617,15.40046215057373,654700
2006-10-16,18.1200008392334,18.780000686645508,18.1200008392334,18.780000686645508,15.899978637695312,857500
2006-10-17,18.780000686645508,18.90999984741211,18.540000915527344,18.59000015258789,15.739119529724121,631400
2006-10-18,18.68000030517578,18.969999313354492,18.65999984741211,18.739999771118164,15.866116523742676,921500
2006-10-19,18.729999542236328,19.5,18.68000030517578,19.299999237060547,16.34023094177246,1546800
2006-10-20,19.260000228881836,19.40999984741211,19.18000030517578,19.239999771118164,16.2894344329834,981500
2006-10-23,19.309999465942383,19.579999923706055,19.270000457763672,19.450000762939453,16.467235565185547,578700
2006-10-24,19.5,19.75,19.399999618530273,19.579999923706055,16.577293395996094,873800
2006-10-25,19.75,20.020000457763672,19.649999618530273,19.709999084472656,16.687358856201172,1051600
2006-10-26,19.809999465942383,20.1299991607666,19.549999237060547,20.100000381469727,17.017553329467773,848700
2006-10-27,20.079999923706055,20.09000015258789,19.690000534057617,19.790000915527344,16.755088806152344,664200
2006-10-30,19.81999969482422,19.829999923706055,19.440000534057617,19.600000381469727,16.594226837158203,1039500
2006-10-31,20.25,21.350000381469727,20.229999542236328,20.610000610351562,17.449337005615234,2964800
2006-11-01,20.90999984741211,21.100000381469727,20.549999237060547,20.84000015258789,17.644067764282227,1140900
2006-11-02,20.809999465942383,21.200000762939453,20.809999465942383,21.06999969482422,17.838794708251953,1147500
2006-11-03,21.200000762939453,21.350000381469727,20.850000381469727,20.950000762939453,17.737197875976562,879000
2006-11-06,21.049999237060547,21.200000762939453,20.93000030517578,21.100000381469727,17.864192962646484,790000
2006-11-07,21.100000381469727,21.200000762939453,20.940000534057617,20.959999084472656,17.74566078186035,968900
2006-11-08,19.899999618530273,20.280000686645508,19.65999984741211,20.25,17.144548416137695,7795900
2006-11-09,20.34000015258789,20.469999313354492,20.06999969482422,20.25,17.144548416137695,4559400
2006-11-10,20.350000381469727,20.399999618530273,19.959999084472656,20.010000228881836,16.941349029541016,2031300
2006-11-13,20.0,20.149999618530273,19.920000076293945,20.06999969482422,16.99215316772461,2020000
2006-11-14,20.06999969482422,20.200000762939453,19.59000015258789,19.889999389648438,16.83975601196289,2713400
2006-11-15,19.950000762939453,20.5,19.899999618530273,20.440000534057617,17.305416107177734,1962500
2006-11-16,20.440000534057617,20.520000457763672,20.34000015258789,20.469999313354492,17.330808639526367,1292900
2006-11-17,20.399999618530273,20.8799991607666,20.25,20.8799991607666,17.677934646606445,2322400
2006-11-20,20.950000762939453,21.239999771118164,20.719999313354492,21.030000686645508,17.8049259185791,2010700
2006-11-21,21.15999984741211,21.3700008392334,21.040000915527344,21.329999923706055,18.058921813964844,2091500
2006-11-22,21.420000076293945,21.56999969482422,21.110000610351562,21.5,18.20284652709961,903600
2006-11-24,21.5,21.559999465942383,21.270000457763672,21.530000686645508,18.228260040283203,294600
2006-11-27,21.899999618530273,21.899999618530273,21.3799991607666,21.5,18.20284652709961,1895300
2006-11-28,21.600000381469727,21.889999389648438,21.520000457763672,21.829999923706055,18.48224639892578,2533200
2006-11-29,21.969999313354492,22.25,21.770000457763672,21.889999389648438,18.533042907714844,1640100
2006-11-30,22.049999237060547,22.329999923706055,21.90999984741211,22.0,18.626176834106445,1557400
2006-12-01,22.100000381469727,22.209999084472656,21.760000228881836,21.959999084472656,18.592308044433594,1563100
2006-12-04,21.799999237060547,22.110000610351562,21.799999237060547,21.950000762939453,18.583839416503906,1979900
2006-12-05,21.959999084472656,22.709999084472656,21.90999984741211,22.639999389648438,19.16802215576172,2312900
2006-12-06,22.729999542236328,23.1200008392334,22.690000534057617,22.8700008392334,19.362760543823242,3358700
2006-12-07,23.149999618530273,23.639999389648438,23.100000381469727,23.200000762939453,19.64215087890625,2489400
2006-12-08,23.290000915527344,23.299999237060547,22.860000610351562,22.989999771118164,19.464353561401367,1248000
2006-12-11,23.020000457763672,23.15999984741211,22.850000381469727,22.950000762939453,19.430492401123047,958000
2006-12-12,22.860000610351562,22.950000762939453,22.559999465942383,22.65999984741211,19.184959411621094,1041100
2006-12-13,23.440000534057617,23.850000381469727,23.06999969482422,23.799999237060547,20.150136947631836,3326300
2006-12-14,24.0,25.68000030517578,23.809999465942383,25.020000457763672,21.183042526245117,3511100
2006-12-15,25.010000228881836,25.5,25.010000228881836,25.399999618530273,21.504758834838867,1911900
2006-12-18,25.649999618530273,25.649999618530273,24.899999618530273,25.040000915527344,21.199975967407227,1361500
2006-12-19,25.110000610351562,25.760000228881836,25.0,25.760000228881836,21.809558868408203,2692500
2006-12-20,25.75,26.0,25.450000762939453,25.739999771118164,21.79262351989746,1429000
2006-12-21,25.530000686645508,25.65999984741211,24.93000030517578,25.06999969482422,21.225374221801758,1128900
2006-12-22,25.020000457763672,25.469999313354492,24.969999313354492,25.149999618530273,21.293107986450195,1141400
2006-12-26,25.149999618530273,25.3799991607666,25.020000457763672,25.100000381469727,21.250776290893555,844700
2006-12-27,24.950000762939453,25.440000534057617,24.950000762939453,25.43000030517578,21.530166625976562,605800
2006-12-28,25.959999084472656,26.329999923706055,25.450000762939453,25.790000915527344,21.834964752197266,1105800
2006-12-29,25.850000381469727,26.079999923706055,25.709999084472656,25.8799991607666,21.911157608032227,795100
2007-01-03,25.959999084472656,26.0,25.010000228881836,25.309999465942383,21.428564071655273,1518300
2007-01-04,25.309999465942383,25.469999313354492,25.059999465942383,25.200000762939453,21.33543586730957,1002800
2007-01-05,24.899999618530273,25.170000076293945,24.670000076293945,25.059999465942383,21.216909408569336,1562200
2007-01-08,25.0,25.0,24.65999984741211,24.93000030517578,21.106847763061523,1151700
2007-01-09,24.860000610351562,25.100000381469727,24.719999313354492,24.920000076293945,21.098379135131836,894300
2007-01-10,24.90999984741211,24.920000076293945,24.520000457763672,24.799999237060547,21.03052520751953,1047200
2007-01-11,24.600000381469727,24.950000762939453,24.5,24.760000228881836,20.996614456176758,1180600
2007-01-12,24.56999969482422,25.639999389648438,24.56999969482422,25.399999618530273,21.539331436157227,1041500
2007-01-16,25.530000686645508,25.75,25.360000610351562,25.68000030517578,21.77678108215332,585900
2007-01-17,25.59000015258789,25.850000381469727,25.0,25.799999237060547,21.878551483154297,682900
2007-01-18,25.790000915527344,25.850000381469727,25.139999389648438,25.270000457763672,21.42910385131836,678200
2007-01-19,25.299999237060547,25.31999969482422,25.020000457763672,25.229999542236328,21.395185470581055,487500
2007-01-22,25.34000015258789,25.549999237060547,24.860000610351562,25.5,21.62413787841797,1124700
2007-01-23,25.489999771118164,25.84000015258789,25.3799991607666,25.739999771118164,21.827659606933594,627400
2007-01-24,25.739999771118164,26.25,25.65999984741211,26.010000228881836,22.05662727355957,973700
2007-01-25,26.030000686645508,26.25,25.68000030517578,25.739999771118164,21.827659606933594,868500
2007-01-26,25.670000076293945,25.90999984741211,25.170000076293945,25.770000457763672,21.853107452392578,1017500
2007-01-29,25.799999237060547,26.040000915527344,25.670000076293945,26.020000457763672,22.065107345581055,658400
2007-01-30,25.1200008392334,26.280000686645508,25.1200008392334,26.1200008392334,22.149900436401367,847100
2007-01-31,26.1200008392334,26.25,25.899999618530273,26.25,22.2601375579834,527300
2007-02-01,26.5,26.75,26.399999618530273,26.479999542236328,22.455181121826172,627200
2007-02-02,26.479999542236328,26.75,26.25,26.68000030517578,22.62479591369629,751400
2007-02-05,26.719999313354492,27.100000381469727,26.489999771118164,26.56999969482422,22.531497955322266,2351100
2007-02-06,28.15999984741211,28.709999084472656,27.31999969482422,27.850000381469727,23.61695098876953,5729900
2007-02-07,28.25,28.5,27.469999313354492,27.639999389648438,23.438873291015625,3237900
2007-02-08,27.799999237060547,28.1299991607666,27.520000457763672,28.110000610351562,23.837444305419922,1718300
2007-02-09,28.399999618530273,28.56999969482422,28.0,28.3700008392334,24.057918548583984,2861800
2007-02-12,28.440000534057617,28.670000076293945,28.229999542236328,28.530000686645508,24.1935977935791,1285000
2007-02-13,28.6200008392334,29.190000534057617,28.6200008392334,28.989999771118164,24.58367919921875,2019000
2007-02-14,29.079999923706055,29.209999084472656,28.549999237060547,28.729999542236328,24.363201141357422,1513900
2007-02-15,28.729999542236328,29.459999084472656,28.729999542236328,29.110000610351562,24.68543243408203,1347600
2007-02-16,29.110000610351562,29.5,29.06999969482422,29.299999237060547,24.846559524536133,1024800
2007-02-20,29.299999237060547,29.799999237060547,29.100000381469727,29.68000030517578,25.16880226135254,1219700
2007-02-21,29.670000076293945,30.100000381469727,29.600000381469727,29.8799991607666,25.338396072387695,1389800
2007-02-22,29.8700008392334,29.969999313354492,29.020000457763672,29.190000534057617,24.75327491760254,1321300
2007-02-23,29.1200008392334,29.8700008392334,29.049999237060547,29.6299991607666,25.12639808654785,1106200
2007-02-26,29.65999984741211,29.940000534057617,29.450000762939453,29.780000686645508,25.25360870361328,1526000
2007-02-27,29.0,29.290000915527344,28.280000686645508,29.149999618530273,24.719362258911133,1887900
2007-02-28,29.149999618530273,29.170000076293945,28.25,28.579999923706055,24.235990524291992,1333300
2007-03-01,28.25,28.5,27.5,28.299999237060547,23.998552322387695,1501600
2007-03-02,28.309999465942383,28.649999618530273,28.100000381469727,28.329999923706055,24.023988723754883,1570900
2007-03-05,28.739999771118164,30.0,28.649999618530273,29.329999923706055,24.87200355529785,4262600
2007-03-06,30.040000915527344,30.43000030517578,29.489999771118164,30.110000610351562,25.533449172973633,2489000
2007-03-07,30.34000015258789,30.34000015258789,29.790000915527344,29.90999984741211,25.36383628845215,1877600
2007-03-08,30.100000381469727,30.290000915527344,29.959999084472656,30.18000030517578,25.592803955078125,1857600
2007-03-09,30.360000610351562,30.489999771118164,30.030000686645508,30.190000534057617,25.601287841796875,692800
2007-03-12,30.219999313354492,30.799999237060547,30.049999237060547,30.6200008392334,25.965930938720703,2560600
2007-03-13,30.579999923706055,31.110000610351562,30.40999984741211,30.469999313354492,25.838727951049805,1789900
2007-03-14,30.600000381469727,30.649999618530273,29.989999771118164,30.399999618530273,25.77936553955078,1183300
2007-03-15,30.219999313354492,30.600000381469727,29.959999084472656,30.25,25.652162551879883,884800
2007-03-16,30.200000762939453,30.360000610351562,30.040000915527344,30.1200008392334,25.54192352294922,738900
2007-03-19,30.149999618530273,30.459999084472656,30.09000015258789,30.219999313354492,25.62672233581543,1032300
2007-03-20,30.450000762939453,30.510000228881836,30.25,30.479999542236328,25.847211837768555,1072300
2007-03-21,30.489999771118164,31.0,30.440000534057617,30.8700008392334,26.177934646606445,1267800
2007-03-22,32.0,32.0,30.549999237060547,31.270000457763672,26.51712989807129,1253400
2007-03-23,31.079999923706055,31.200000762939453,30.5,30.829999923706055,26.144006729125977,737700
2007-03-26,31.059999465942383,31.149999618530273,30.610000610351562,30.799999237060547,26.11857032775879,681600
2007-03-27,30.799999237060547,30.90999984741211,30.450000762939453,30.780000686645508,26.101606369018555,1110800
2007-03-28,30.270000457763672,30.950000762939453,30.270000457763672,30.809999465942383,26.127046585083008,967800
2007-03-29,30.8700008392334,31.020000457763672,30.25,30.459999084472656,25.830251693725586,1097100
2007-03-30,30.399999618530273,31.049999237060547,30.399999618530273,30.84000015258789,26.152494430541992,1060800
2007-04-02,30.790000915527344,31.059999465942383,30.59000015258789,30.989999771118164,26.279693603515625,777800
2007-04-03,31.200000762939453,31.75,30.989999771118164,31.670000076293945,26.856334686279297,1383800
2007-04-04,31.649999618530273,31.649999618530273,30.610000610351562,31.110000610351562,26.381446838378906,1554400
2007-04-05,31.200000762939453,31.639999389648438,31.1299991607666,31.559999465942383,26.763051986694336,644000
2007-04-09,31.690000534057617,32.06999969482422,31.530000686645508,32.040000915527344,27.17009735107422,1785000
2007-04-10,32.15999984741211,32.209999084472656,31.65999984741211,31.889999389648438,27.04289436340332,1154500
2007-04-11,32.0,32.0,31.350000381469727,31.510000228881836,26.75421142578125,1056800
2007-04-12,31.790000915527344,32.09000015258789,31.549999237060547,31.950000762939453,27.127803802490234,861100
2007-04-13,31.950000762939453,32.25,31.760000228881836,32.16999816894531,27.314592361450195,619300
2007-04-16,32.20000076293945,32.20000076293945,31.850000381469727,31.8700008392334,27.05987548828125,700000
2007-04-17,31.989999771118164,32.5,31.959999084472656,32.400001525878906,27.509878158569336,1303700
2007-04-18,32.650001525878906,33.66999816894531,32.5,33.38999938964844,28.350467681884766,1856500
2007-04-19,33.33000183105469,33.349998474121094,32.779998779296875,32.869998931884766,27.908945083618164,957500
2007-04-20,32.869998931884766,33.189998626708984,32.45000076293945,32.77000045776367,27.82404327392578,958800
2007-04-23,32.66999816894531,33.029998779296875,32.41999816894531,32.75,27.807052612304688,770900
2007-04-24,32.79999923706055,33.060001373291016,32.349998474121094,32.36000061035156,27.475919723510742,979300
2007-04-25,32.4900016784668,32.900001525878906,32.470001220703125,32.529998779296875,27.620269775390625,963000
2007-04-26,32.599998474121094,32.91999816894531,32.41999816894531,32.61000061035156,27.68819236755371,833600
2007-04-27,32.61000061035156,32.779998779296875,32.45000076293945,32.66999816894531,27.73912239074707,1364100
2007-04-30,32.68000030517578,33.38999938964844,32.65999984741211,33.16999816894531,28.16366958618164,1540400
2007-05-01,33.900001525878906,34.61000061035156,33.18000030517578,33.970001220703125,28.842931747436523,3229500
2007-05-02,34.369998931884766,34.79999923706055,34.34000015258789,34.689998626708984,29.454246520996094,1045500
2007-05-03,34.900001525878906,35.0,34.650001525878906,34.68000030517578,29.445764541625977,1395600
2007-05-04,34.810001373291016,35.06999969482422,34.720001220703125,34.79999923706055,29.54765510559082,813800
2007-05-07,35.290000915527344,35.56999969482422,34.970001220703125,35.04999923706055,29.759920120239258,893700
2007-05-08,35.099998474121094,35.41999816894531,34.93000030517578,35.13999938964844,29.836332321166992,1279600
2007-05-09,35.119998931884766,35.290000915527344,34.84000015258789,35.060001373291016,29.768413543701172,856500
2007-05-10,35.06999969482422,35.43000030517578,34.810001373291016,35.029998779296875,29.742942810058594,1138500
2007-05-11,34.97999954223633,36.040000915527344,34.90999984741211,36.02000045776367,30.583520889282227,1071500
2007-05-14,36.150001525878906,36.869998931884766,36.119998931884766,36.36000061035156,30.872209548950195,1709000
2007-05-15,35.4900016784668,35.84000015258789,35.040000915527344,35.16999816894531,29.861812591552734,2558200
2007-05-16,35.2599983215332,35.5099983215332,34.88999938964844,35.40999984741211,30.065587997436523,1719100
2007-05-17,35.04999923706055,36.13999938964844,35.04999923706055,35.939998626708984,30.515588760375977,1095800
2007-05-18,36.0,36.029998779296875,35.63999938964844,36.0,30.566539764404297,725600
2007-05-21,36.0,36.09000015258789,35.650001525878906,36.02000045776367,30.583520889282227,1413200
2007-05-22,35.900001525878906,36.119998931884766,35.81999969482422,35.97999954223633,30.54955291748047,807200
2007-05-23,35.97999954223633,36.5,35.869998931884766,35.9900016784668,30.558046340942383,1394100
2007-05-24,36.4900016784668,36.4900016784668,35.630001068115234,35.630001068115234,30.25238609313965,1995200
2007-05-25,36.0,36.59000015258789,36.0,36.560001373291016,31.042020797729492,1043000
2007-05-29,36.720001220703125,36.75,36.11000061035156,36.20000076293945,30.736356735229492,865200
2007-05-30,36.0,36.470001220703125,35.790000915527344,36.470001220703125,30.965604782104492,1335000
2007-05-31,36.630001068115234,36.90999984741211,36.2400016784668,36.38999938964844,30.897668838500977,3634500
2007-06-01,36.7599983215332,37.40999984741211,36.599998474121094,37.20000076293945,31.58542251586914,1663900
2007-06-04,37.38999938964844,37.5,36.79999923706055,36.959999084472656,31.381649017333984,1293600
2007-06-05,37.099998474121094,37.9900016784668,37.099998474121094,37.869998931884766,32.154293060302734,2357700
2007-06-06,37.9900016784668,38.08000183105469,37.439998626708984,37.630001068115234,31.950519561767578,2232900
2007-06-07,37.65999984741211,37.810001373291016,37.09000015258789,37.16999816894531,31.559953689575195,2204700
2007-06-08,37.0,37.11000061035156,36.720001220703125,37.0099983215332,31.424097061157227,2527200
2007-06-11,37.119998931884766,37.560001373291016,37.0,37.380001068115234,31.738250732421875,2321700
2007-06-12,37.400001525878906,37.470001220703125,37.06999969482422,37.29999923706055,31.67032814025879,1786400
2007-06-13,37.150001525878906,37.5,36.81999969482422,37.33000183105469,31.69579315185547,1965300
2007-06-14,37.5,37.75,37.36000061035156,37.439998626708984,31.789196014404297,1884400
2007-06-15,37.90999984741211,38.0,37.38999938964844,37.470001220703125,31.814672470092773,2736500
2007-06-18,37.0,37.400001525878906,37.0,37.29999923706055,31.67032814025879,2298000
2007-06-19,37.29999923706055,37.41999816894531,36.93000030517578,37.0,31.415607452392578,2113700
2007-06-20,37.15999984741211,37.310001373291016,36.61000061035156,36.619998931884766,31.092958450317383,2423600
2007-06-21,36.70000076293945,37.380001068115234,36.65999984741211,37.15999984741211,31.55145263671875,1525500
2007-06-22,36.970001220703125,37.97999954223633,36.84000015258789,37.88999938964844,32.171287536621094,3811000
2007-06-25,37.79999923706055,38.34000015258789,37.52000045776367,38.09000015258789,32.341094970703125,2160100
2007-06-26,38.5,38.91999816894531,38.38999938964844,38.7400016784668,32.892982482910156,2595000
2007-06-27,38.72999954223633,38.81999969482422,37.79999923706055,38.63999938964844,32.808082580566406,2197800
2007-06-28,38.9900016784668,39.02000045776367,38.5,38.70000076293945,32.85902786254883,1476100
2007-06-29,38.970001220703125,39.43000030517578,38.650001525878906,38.779998779296875,32.92695617675781,1357000
2007-07-02,39.2400016784668,39.939998626708984,39.0099983215332,39.38999938964844,33.44487762451172,3772300
2007-07-03,39.630001068115234,40.0,39.400001525878906,39.619998931884766,33.64017105102539,1213000
2007-07-05,40.0,40.45000076293945,39.619998931884766,40.43000030517578,34.327919006347656,1608100
2007-07-06,40.43000030517578,41.04999923706055,40.29999923706055,40.959999084472656,34.77791976928711,1388200
2007-07-09,41.63999938964844,41.63999938964844,39.959999084472656,40.529998779296875,34.41282272338867,2833400
2007-07-10,40.34000015258789,41.25,40.34000015258789,40.79999923706055,34.64207458496094,1806000
2007-07-11,40.63999938964844,40.84000015258789,39.869998931884766,40.65999984741211,34.557064056396484,1591900
2007-07-12,40.65999984741211,41.63999938964844,40.58000183105469,41.459999084472656,35.23700714111328,1178400
2007-07-13,41.380001068115234,42.0099983215332,41.29999923706055,41.97999954223633,35.678955078125,1444800
2007-07-16,42.099998474121094,42.4900016784668,41.91999816894531,41.91999816894531,35.62795639038086,2022300
2007-07-17,42.099998474121094,42.25,41.20000076293945,41.290000915527344,35.092525482177734,1916800
2007-07-18,41.060001373291016,41.720001220703125,41.040000915527344,41.27000045776367,35.075523376464844,2231100
2007-07-19,41.25,41.36000061035156,37.619998931884766,38.29999923706055,32.55131530761719,6670100
2007-07-20,36.720001220703125,37.5,36.0,37.310001373291016,31.70990562438965,6387500
2007-07-23,37.099998474121094,38.25,36.779998779296875,38.02000045776367,32.313350677490234,3107600
2007-07-24,37.900001525878906,39.150001525878906,37.720001220703125,38.529998779296875,32.74677658081055,3512200
2007-07-25,40.75,41.11000061035156,39.13999938964844,39.9900016784668,33.98765182495117,3914700
2007-07-26,39.75,39.959999084472656,37.290000915527344,38.9900016784668,33.137752532958984,2354100
2007-07-27,37.0,38.439998626708984,35.689998626708984,36.34000015258789,30.885501861572266,5621600
2007-07-30,36.540000915527344,36.91999816894531,35.79999923706055,36.56999969482422,31.080984115600586,2762800
2007-07-31,37.5,38.279998779296875,37.060001373291016,37.5,31.871389389038086,2825700
2007-08-01,37.63999938964844,38.529998779296875,37.08000183105469,38.380001068115234,32.619319915771484,3014600
2007-08-02,38.13999938964844,38.2400016784668,37.0,37.119998931884766,31.54842185974121,2175800
2007-08-03,37.0,37.400001525878906,36.400001525878906,37.02000045776367,31.463438034057617,2821100
2007-08-06,37.029998779296875,37.150001525878906,35.2400016784668,36.06999969482422,30.656030654907227,2492600
2007-08-07,35.880001068115234,36.0,34.90999984741211,35.209999084472656,29.92510986328125,2238100
2007-08-08,37.25,37.720001220703125,34.56999969482422,36.5,31.021493911743164,4138100
2007-08-09,35.220001220703125,36.5,31.489999771118164,32.779998779296875,27.859846115112305,4871100
2007-08-10,32.25,34.0,31.020000457763672,33.52000045776367,28.48876953125,3982100
2007-08-13,34.099998474121094,36.0,34.0,35.540000915527344,30.205581665039062,2940700
2007-08-14,35.790000915527344,36.0,33.65999984741211,34.11000061035156,28.99021339416504,2770800
2007-08-15,33.75,34.5099983215332,33.0,33.08000183105469,28.11483383178711,3127800
2007-08-16,33.0,33.40999984741211,30.700000762939453,32.369998931884766,27.51138687133789,3180900
2007-08-17,33.0,33.75,31.75,32.619998931884766,27.72385597229004,2909300
2007-08-20,33.029998779296875,33.95000076293945,32.25,33.72999954223633,28.667251586914062,2089300
2007-08-21,33.70000076293945,34.029998779296875,33.060001373291016,33.36000061035156,28.352783203125,2384100
2007-08-22,34.02000045776367,34.470001220703125,33.56999969482422,34.0,28.896738052368164,1431600
2007-08-23,34.5,35.130001068115234,33.7400016784668,33.9900016784668,28.888229370117188,1217600
2007-08-24,34.150001525878906,35.58000183105469,33.959999084472656,35.189998626708984,29.908119201660156,1970100
2007-08-27,35.34000015258789,35.59000015258789,34.59000015258789,34.9900016784668,29.738122940063477,1070000
2007-08-28,34.72999954223633,34.77000045776367,33.5099983215332,33.79999923706055,28.72673797607422,1228700
2007-08-29,34.02000045776367,34.72999954223633,33.5,34.59000015258789,29.398174285888672,1591700
2007-08-30,34.06999969482422,35.0,34.029998779296875,34.95000076293945,29.70413589477539,1898000
2007-08-31,35.04999923706055,36.40999984741211,35.040000915527344,35.91999816894531,30.528545379638672,1766900
2007-09-04,36.029998779296875,36.61000061035156,35.5,36.38999938964844,30.92799186706543,1451100
2007-09-05,36.349998474121094,36.36000061035156,35.22999954223633,35.70000076293945,30.341562271118164,1954000
2007-09-06,35.88999938964844,36.04999923706055,35.380001068115234,36.0,30.596534729003906,1357900
2007-09-07,35.400001525878906,35.70000076293945,34.90999984741211,35.2400016784668,29.950607299804688,1313600
2007-09-10,35.47999954223633,35.650001525878906,34.880001068115234,35.0,29.746639251708984,833100
2007-09-11,35.0,36.060001373291016,34.79999923706055,35.900001525878906,30.51154136657715,1527200
2007-09-12,35.77000045776367,35.95000076293945,34.790000915527344,35.130001068115234,29.85712432861328,1859900
2007-09-13,35.2599983215332,35.68000030517578,34.900001525878906,35.029998779296875,29.772132873535156,1025200
2007-09-14,34.900001525878906,36.09000015258789,34.79999923706055,35.619998931884766,30.273574829101562,1105600
2007-09-17,35.5099983215332,36.0,35.43000030517578,35.70000076293945,30.341562271118164,769300
2007-09-18,35.86000061035156,36.849998474121094,35.150001525878906,36.810001373291016,31.28495216369629,1985100
2007-09-19,36.810001373291016,37.52000045776367,36.45000076293945,36.72999954223633,31.21695327758789,1503800
2007-09-20,37.0,37.279998779296875,36.41999816894531,36.599998474121094,31.106483459472656,1128700
2007-09-21,36.7599983215332,38.0,36.380001068115234,37.7400016784668,32.07536315917969,1883600
2007-09-24,37.560001373291016,38.7599983215332,37.09000015258789,37.36000061035156,31.752391815185547,2120700
2007-09-25,37.0,37.34000015258789,36.5099983215332,36.59000015258789,31.09797477722168,1799300
2007-09-26,37.79999923706055,38.810001373291016,37.58000183105469,38.40999984741211,32.644798278808594,2286900
2007-09-27,38.66999816894531,39.09000015258789,38.36000061035156,38.709999084472656,32.8997802734375,1445700
2007-09-28,38.869998931884766,39.279998779296875,38.31999969482422,38.97999954223633,33.12923812866211,1450300
2007-10-01,39.0,40.119998931884766,38.7599983215332,39.81999969482422,33.843162536621094,2098800
2007-10-02,39.91999816894531,39.93000030517578,39.04999923706055,39.470001220703125,33.545711517333984,1312300
2007-10-03,39.59000015258789,39.709999084472656,39.11000061035156,39.27000045776367,33.37570571899414,842700
2007-10-04,39.18000030517578,39.880001068115234,39.11000061035156,39.880001068115234,33.8941650390625,1307800
2007-10-05,39.880001068115234,40.25,39.400001525878906,39.93000030517578,33.93666458129883,1268100
2007-10-08,39.91999816894531,40.79999923706055,39.84000015258789,39.97999954223633,33.97914505004883,1016600
2007-10-09,39.709999084472656,41.029998779296875,39.5,40.7599983215332,34.64207458496094,1394300
2007-10-10,40.7599983215332,41.15999984741211,40.349998474121094,40.84000015258789,34.710079193115234,1473400
2007-10-11,40.81999969482422,41.06999969482422,40.279998779296875,40.599998474121094,34.539913177490234,1647200
2007-10-12,40.83000183105469,41.38999938964844,40.61000061035156,40.91999816894531,34.812156677246094,1402600
2007-10-15,41.09000015258789,41.58000183105469,40.77000045776367,41.08000183105469,34.94826889038086,1881800
2007-10-16,40.9900016784668,40.9900016784668,39.45000076293945,40.41999816894531,34.38679504394531,1869400
2007-10-17,40.91999816894531,40.91999816894531,39.380001068115234,40.119998931884766,34.131561279296875,1237800
2007-10-18,40.38999938964844,40.849998474121094,39.58000183105469,40.68000030517578,34.60798263549805,954300
2007-10-19,40.41999816894531,40.5099983215332,38.720001220703125,38.95000076293945,33.13621139526367,1810500
2007-10-22,38.7599983215332,39.20000076293945,38.04999923706055,39.119998931884766,33.28083419799805,1753100
2007-10-23,40.95000076293945,41.459999084472656,39.5,40.119998931884766,34.131561279296875,3704100
2007-10-24,40.70000076293945,41.41999816894531,40.08000183105469,41.22999954223633,35.075889587402344,2706000
2007-10-25,40.81999969482422,41.52000045776367,40.470001220703125,41.400001525878906,35.22051239013672,1560600
2007-10-26,41.720001220703125,41.91999816894531,41.06999969482422,41.849998474121094,35.60334777832031,1419500
2007-10-29,41.70000076293945,42.099998474121094,41.290000915527344,41.95000076293945,35.68841552734375,1224100
2007-10-30,42.0,42.25,40.84000015258789,40.93000030517578,34.8206672668457,1793500
2007-10-31,41.220001220703125,42.04999923706055,40.91999816894531,41.959999084472656,35.696929931640625,1457100
2007-11-01,41.79999923706055,42.47999954223633,40.79999923706055,41.43000030517578,35.24602508544922,1585500
2007-11-02,42.060001373291016,42.5,41.16999816894531,41.77000045776367,35.5352783203125,1644600
2007-11-05,41.79999923706055,42.15999984741211,41.0099983215332,41.34000015258789,35.16946792602539,1473500
2007-11-06,41.310001373291016,42.369998931884766,41.310001373291016,42.16999816894531,35.87557601928711,1277100
2007-11-07,41.400001525878906,42.099998474121094,41.400001525878906,41.689998626708984,35.46721649169922,1504300
2007-11-08,41.29999923706055,42.31999969482422,40.310001373291016,41.290000915527344,35.126930236816406,1762500
2007-11-09,41.15999984741211,41.15999984741211,39.25,39.29999923706055,33.433963775634766,1648800
2007-11-12,39.0,39.66999816894531,37.720001220703125,37.720001220703125,32.08980178833008,1535600
2007-11-13,37.5099983215332,39.119998931884766,37.47999954223633,38.970001220703125,33.153228759765625,1345900
2007-11-14,39.779998779296875,39.779998779296875,38.849998474121094,39.04999923706055,33.22128677368164,1198700
2007-11-15,38.63999938964844,39.11000061035156,37.29999923706055,37.709999084472656,32.08129119873047,1454300
2007-11-16,37.38999938964844,38.04999923706055,37.27000045776367,37.97999954223633,32.31099319458008,1330700
2007-11-19,37.91999816894531,37.9900016784668,36.099998474121094,36.43000030517578,30.99234962463379,1587000
2007-11-20,37.099998474121094,37.52000045776367,36.290000915527344,36.63999938964844,31.171010971069336,1453400
2007-11-21,37.11000061035156,37.11000061035156,35.15999984741211,35.66999816894531,30.345788955688477,1479900
2007-11-23,35.849998474121094,37.06999969482422,35.70000076293945,36.91999816894531,31.40920639038086,638800
2007-11-26,36.529998779296875,37.27000045776367,36.13999938964844,36.2599983215332,30.84771728515625,1654700
2007-11-27,36.63999938964844,37.130001068115234,36.060001373291016,36.65999984741211,31.188024520874023,1378200
2007-11-28,36.470001220703125,38.54999923706055,36.470001220703125,38.4900016784668,32.744869232177734,1599800
2007-11-29,38.68000030517578,39.459999084472656,38.45000076293945,38.810001373291016,33.01709747314453,1186400
2007-11-30,39.45000076293945,40.02000045776367,38.939998626708984,39.68000030517578,33.75724411010742,3813400
2007-12-03,39.650001525878906,40.27000045776367,39.38999938964844,39.939998626708984,33.97843551635742,1233600
2007-12-04,39.939998626708984,40.0,38.58000183105469,38.720001220703125,32.94053268432617,1446400
2007-12-05,39.41999816894531,39.5,38.439998626708984,38.91999816894531,33.11068344116211,1202600
2007-12-06,39.119998931884766,39.560001373291016,38.7599983215332,39.560001373291016,33.6551513671875,1795400
2007-12-07,39.970001220703125,40.880001068115234,39.34000015258789,39.779998779296875,33.84231948852539,1852100
2007-12-10,39.5,40.310001373291016,39.04999923706055,39.45000076293945,33.56156921386719,1436600
2007-12-11,41.220001220703125,42.5,40.599998474121094,41.029998779296875,34.905731201171875,3709100
2007-12-12,41.56999969482422,43.720001220703125,41.56999969482422,42.86000061035156,36.46258544921875,5038900
2007-12-13,42.45000076293945,44.16999816894531,42.45000076293945,44.029998779296875,37.45794677734375,2269900
2007-12-14,43.34000015258789,44.77000045776367,43.34000015258789,44.33000183105469,37.713172912597656,2175400
2007-12-17,43.779998779296875,44.150001525878906,42.66999816894531,43.0,36.58168029785156,2015200
2007-12-18,43.83000183105469,43.83000183105469,41.560001373291016,41.900001525878906,35.6458740234375,1861400
2007-12-19,41.97999954223633,42.04999923706055,41.45000076293945,41.4900016784668,35.29707717895508,1195600
2007-12-20,42.209999084472656,42.209999084472656,40.630001068115234,41.56999969482422,35.365135192871094,1461100
2007-12-21,41.599998474121094,42.84000015258789,41.599998474121094,42.40999984741211,36.07975387573242,1015500
2007-12-24,42.77000045776367,43.34000015258789,42.52000045776367,42.9900016784668,36.57317352294922,349000
2007-12-26,42.810001373291016,42.810001373291016,41.720001220703125,42.2599983215332,35.952144622802734,532600
2007-12-27,42.619998931884766,42.86000061035156,42.0,42.2599983215332,35.952144622802734,769100
2007-12-28,41.97999954223633,42.720001220703125,41.41999816894531,42.040000915527344,35.76496887207031,1019700
2007-12-31,41.630001068115234,42.540000915527344,41.630001068115234,42.31999969482422,36.00318145751953,675500
2008-01-02,42.72999954223633,43.720001220703125,42.560001373291016,43.02000045776367,36.59871292114258,1554700
2008-01-03,43.029998779296875,43.70000076293945,41.11000061035156,41.59000015258789,35.38215255737305,1645800
2008-01-04,41.279998779296875,41.279998779296875,39.65999984741211,40.16999816894531,34.17411422729492,1508000
2008-01-07,40.08000183105469,40.279998779296875,38.45000076293945,39.2599983215332,33.39993667602539,2060400
2008-01-08,39.45000076293945,39.970001220703125,38.70000076293945,38.709999084472656,32.93203353881836,1396400
2008-01-09,38.52000045776367,38.52000045776367,36.91999816894531,38.29999923706055,32.583229064941406,2617200
2008-01-10,37.72999954223633,39.130001068115234,37.72999954223633,38.790000915527344,33.00008010864258,2611200
2008-01-11,38.84000015258789,38.84000015258789,37.650001525878906,37.97999954223633,32.344356536865234,1501300
2008-01-14,37.97999954223633,38.70000076293945,37.209999084472656,38.369998931884766,32.67646789550781,1222000
2008-01-15,37.97999954223633,38.4900016784668,37.15999984741211,37.5099983215332,31.944089889526367,1528700
2008-01-16,37.38999938964844,37.38999938964844,35.029998779296875,35.56999969482422,30.29195213317871,2256200
2008-01-17,36.130001068115234,36.380001068115234,34.189998626708984,34.400001525878906,29.29555892944336,2035500
2008-01-18,34.119998931884766,36.06999969482422,34.119998931884766,35.11000061035156,29.900209426879883,2526600
2008-01-22,32.88999938964844,35.11000061035156,32.88999938964844,33.790000915527344,28.77607536315918,2165200
2008-01-23,33.150001525878906,34.68000030517578,31.760000228881836,34.45000076293945,29.33814239501953,2302300
2008-01-24,34.38999938964844,35.369998931884766,34.22999954223633,35.130001068115234,29.917245864868164,1356700
2008-01-25,35.650001525878906,36.939998626708984,35.650001525878906,36.15999984741211,30.794401168823242,2001900
2008-01-28,36.33000183105469,37.310001373291016,35.650001525878906,37.310001373291016,31.773759841918945,2381200
2008-01-29,38.2400016784668,38.2400016784668,36.5099983215332,36.77000045776367,31.313886642456055,1209000
2008-01-30,36.72999954223633,37.650001525878906,35.93000030517578,36.58000183105469,31.152084350585938,1061700
2008-01-31,36.25,37.54999923706055,35.66999816894531,37.22999954223633,31.705625534057617,1950500
2008-02-01,37.0,38.25,36.75,37.90999984741211,32.28472137451172,1743900
2008-02-04,37.97999954223633,39.099998474121094,37.90999984741211,38.529998779296875,32.81270980834961,2199000
2008-02-05,39.52000045776367,41.400001525878906,38.54999923706055,39.95000076293945,34.02203369140625,3686700
2008-02-06,40.290000915527344,40.52000045776367,39.0099983215332,39.04999923706055,33.255577087402344,1909800
2008-02-07,39.66999816894531,40.34000015258789,38.83000183105469,39.2599983215332,33.434410095214844,1741800
2008-02-08,39.459999084472656,39.459999084472656,37.650001525878906,38.720001220703125,32.97453689575195,1789900
2008-02-11,39.40999984741211,40.529998779296875,38.95000076293945,39.95000076293945,34.02203369140625,2205800
2008-02-12,40.060001373291016,40.400001525878906,39.31999969482422,39.63999938964844,33.758026123046875,1636900
2008-02-13,39.720001220703125,40.439998626708984,39.720001220703125,40.31999969482422,34.33711624145508,1761100
2008-02-14,40.189998626708984,40.880001068115234,39.75,39.86000061035156,33.945377349853516,1170700
2008-02-15,39.47999954223633,40.5,39.25,40.45000076293945,34.44783401489258,1257400
2008-02-19,40.63999938964844,41.0,40.29999923706055,40.90999984741211,34.839576721191406,1040600
2008-02-20,40.689998626708984,40.97999954223633,39.86000061035156,40.779998779296875,34.72885513305664,1410100
2008-02-21,40.84000015258789,41.310001373291016,40.40999984741211,40.70000076293945,34.66073989868164,1223200
2008-02-22,40.959999084472656,40.97999954223633,39.900001525878906,40.779998779296875,34.72885513305664,1037500
2008-02-25,41.040000915527344,41.349998474121094,40.33000183105469,41.25,35.12913513183594,1076500
2008-02-26,41.279998779296875,41.279998779296875,40.0,40.529998779296875,34.51595687866211,1737100
2008-02-27,40.029998779296875,40.959999084472656,40.02000045776367,40.599998474121094,34.57557678222656,914500
2008-02-28,40.38999938964844,40.869998931884766,40.06999969482422,40.5,34.490413665771484,777100
2008-02-29,40.41999816894531,40.529998779296875,38.439998626708984,38.900001525878906,33.12784194946289,1056000
2008-03-03,39.04999923706055,39.95000076293945,38.04999923706055,39.93000030517578,34.00499725341797,1058100
2008-03-04,39.33000183105469,40.310001373291016,39.130001068115234,39.86000061035156,33.945377349853516,1528100
2008-03-05,39.70000076293945,40.61000061035156,39.439998626708984,40.130001068115234,34.17532730102539,1080600
2008-03-06,39.79999923706055,39.79999923706055,38.2599983215332,38.41999816894531,32.719051361083984,1610000
2008-03-07,38.0099983215332,39.22999954223633,37.869998931884766,37.959999084472656,32.32730484008789,1502200
2008-03-10,37.630001068115234,37.900001525878906,36.5,36.54999923706055,31.126541137695312,1567200
2008-03-11,37.16999816894531,38.470001220703125,37.16999816894531,38.25,32.574283599853516,1653800
2008-03-12,38.5,39.36000061035156,38.33000183105469,38.45000076293945,32.74460983276367,1123700
2008-03-13,37.65999984741211,38.599998474121094,36.72999954223633,38.45000076293945,32.74460983276367,1292700
2008-03-14,38.709999084472656,39.06999969482422,36.86000061035156,37.81999969482422,32.20808410644531,1639100
2008-03-17,36.560001373291016,37.779998779296875,36.31999969482422,36.900001525878906,31.424610137939453,1217400
2008-03-18,37.77000045776367,38.5,37.45000076293945,38.349998474121094,32.659446716308594,1440600
2008-03-19,38.130001068115234,38.7599983215332,37.2599983215332,37.310001373291016,31.773759841918945,1826100
2008-03-20,36.650001525878906,38.310001373291016,36.599998474121094,37.849998474121094,32.23362731933594,1070000
2008-03-24,38.16999816894531,40.20000076293945,38.16999816894531,39.599998474121094,33.723960876464844,1450700
2008-03-25,39.9900016784668,39.9900016784668,39.400001525878906,39.66999816894531,33.78358459472656,1228300
2008-03-26,39.66999816894531,39.900001525878906,39.43000030517578,39.81999969482422,33.911312103271484,966600
2008-03-27,40.599998474121094,40.599998474121094,39.599998474121094,39.77000045776367,33.86872863769531,1473700
2008-03-28,40.20000076293945,40.20000076293945,38.88999938964844,39.09000015258789,33.289634704589844,995100
2008-03-31,38.869998931884766,39.5,38.77000045776367,39.04999923706055,33.255577087402344,1005800
2008-04-01,40.599998474121094,41.25,39.5,40.959999084472656,34.88215255737305,1785200
2008-04-02,41.349998474121094,41.349998474121094,40.0099983215332,40.459999084472656,34.456356048583984,1053500
2008-04-03,40.470001220703125,40.65999984741211,40.0,40.5,34.490413665771484,1169100
2008-04-04,40.720001220703125,41.95000076293945,40.59000015258789,41.7599983215332,35.563453674316406,1235900
2008-04-07,42.22999954223633,43.11000061035156,41.54999923706055,42.08000183105469,35.83598327636719,2106900
2008-04-08,41.529998779296875,43.119998931884766,41.529998779296875,42.27000045776367,35.99775314331055,1334600
2008-04-09,42.290000915527344,42.349998474121094,41.2599983215332,41.7400016784668,35.54640197753906,1018900
2008-04-10,41.65999984741211,42.38999938964844,41.0,42.029998779296875,35.793373107910156,1188200
2008-04-11,41.400001525878906,41.470001220703125,40.33000183105469,40.5,34.52327346801758,988400
2008-04-14,40.5,42.0099983215332,40.5,41.58000183105469,35.443904876708984,1099200
2008-04-15,41.66999816894531,42.099998474121094,40.58000183105469,41.060001373291016,35.0006217956543,1124600
2008-04-16,41.54999923706055,42.939998626708984,41.220001220703125,42.810001373291016,36.492374420166016,1802700
2008-04-17,42.650001525878906,43.58000183105469,42.31999969482422,42.56999969482422,36.287776947021484,1105300
2008-04-18,42.810001373291016,43.81999969482422,42.540000915527344,43.54999923706055,37.12316131591797,1493500
2008-04-21,43.790000915527344,44.7400016784668,43.220001220703125,44.279998779296875,37.74544906616211,1894400
2008-04-22,45.0,45.779998779296875,43.79999923706055,45.31999969482422,38.6319580078125,3200200
2008-04-23,45.65999984741211,45.65999984741211,43.959999084472656,44.540000915527344,37.967071533203125,1309900
2008-04-24,44.86000061035156,44.86000061035156,42.72999954223633,44.02000045776367,37.5238151550293,1948800
2008-04-25,44.290000915527344,45.439998626708984,44.2599983215332,45.310001373291016,38.623451232910156,1019000
2008-04-28,45.689998626708984,45.689998626708984,44.540000915527344,45.41999816894531,38.71720504760742,1482900
2008-04-29,45.27000045776367,45.349998474121094,44.150001525878906,44.279998779296875,37.74544906616211,1209700
2008-04-30,44.54999923706055,45.310001373291016,44.470001220703125,44.75,38.14608383178711,1234900
2008-05-01,44.849998474121094,45.02000045776367,43.209999084472656,44.83000183105469,38.21427536010742,1104700
2008-05-02,45.0,45.27000045776367,44.18000030517578,45.02000045776367,38.37623977661133,847500
2008-05-05,45.099998474121094,45.25,44.349998474121094,44.97999954223633,38.342140197753906,984400
2008-05-06,44.54999923706055,45.880001068115234,44.52000045776367,45.66999816894531,38.9303092956543,1163600
2008-05-07,45.869998931884766,45.900001525878906,44.599998474121094,44.93000030517578,38.299522399902344,1347200
2008-05-08,45.34000015258789,46.0,44.7400016784668,45.59000015258789,38.862125396728516,1577900
2008-05-09,45.439998626708984,46.810001373291016,44.810001373291016,46.349998474121094,39.50996398925781,1330800
2008-05-12,46.63999938964844,48.5,46.45000076293945,48.130001068115234,41.027278900146484,1983900
2008-05-13,48.130001068115234,48.43000030517578,47.31999969482422,47.91999816894531,40.848270416259766,1440300
2008-05-14,48.380001068115234,49.939998626708984,46.9900016784668,47.13999938964844,40.18339538574219,3824800
2008-05-15,47.279998779296875,47.470001220703125,46.380001068115234,47.16999816894531,40.20895004272461,2178900
2008-05-16,48.7400016784668,49.0,47.040000915527344,48.400001525878906,41.25743103027344,1542500
2008-05-19,48.220001220703125,49.060001373291016,47.310001373291016,47.56999969482422,40.5499153137207,1370500
2008-05-20,47.95000076293945,48.91999816894531,47.2400016784668,48.72999954223633,41.538734436035156,1497300
2008-05-21,48.560001373291016,48.86000061035156,47.54999923706055,47.77000045776367,40.72040939331055,1272600
2008-05-22,47.90999984741211,49.20000076293945,47.79999923706055,48.709999084472656,41.52168273925781,1140400
2008-05-23,48.810001373291016,48.810001373291016,46.90999984741211,47.47999954223633,40.47320556640625,1168300
2008-05-27,47.40999984741211,48.08000183105469,47.189998626708984,47.959999084472656,40.88236999511719,872800
2008-05-28,47.869998931884766,48.439998626708984,47.290000915527344,48.34000015258789,41.20627975463867,940000
2008-05-29,48.38999938964844,48.38999938964844,47.5,47.77000045776367,40.72040939331055,1055100
2008-05-30,47.75,48.849998474121094,47.5,48.70000076293945,41.51316452026367,1752000
2008-06-02,48.630001068115234,48.630001068115234,47.66999816894531,48.33000183105469,41.1977653503418,882100
2008-06-03,48.63999938964844,48.63999938964844,47.119998931884766,47.4900016784668,40.48173141479492,1512200
2008-06-04,47.4900016784668,48.2599983215332,47.11000061035156,47.779998779296875,40.72892761230469,1023300
2008-06-05,48.150001525878906,49.36000061035156,47.470001220703125,49.18000030517578,41.92232894897461,1199000
2008-06-06,49.029998779296875,49.029998779296875,47.47999954223633,47.56999969482422,40.5499153137207,842600
2008-06-09,47.70000076293945,48.439998626708984,47.47999954223633,48.150001525878906,41.04432678222656,800900
2008-06-10,47.220001220703125,47.95000076293945,46.25,47.709999084472656,40.66926574707031,1594600
2008-06-11,47.86000061035156,48.0,47.0,47.029998779296875,40.08961868286133,720800
2008-06-12,47.22999954223633,48.150001525878906,47.209999084472656,47.63999938964844,40.60959243774414,847100
2008-06-13,47.790000915527344,48.650001525878906,47.18000030517578,48.2400016784668,41.12104797363281,1547500
2008-06-16,47.619998931884766,49.90999984741211,47.619998931884766,49.63999938964844,42.31443405151367,1797000
2008-06-17,49.86000061035156,50.9900016784668,49.11000061035156,49.869998931884766,42.510498046875,1724800
2008-06-18,49.869998931884766,49.869998931884766,48.31999969482422,49.0099983215332,41.77741622924805,1114600
2008-06-19,48.880001068115234,49.93000030517578,48.86000061035156,49.439998626708984,42.143959045410156,1056500
2008-06-20,49.279998779296875,50.439998626708984,48.83000183105469,49.59000015258789,42.271827697753906,1843400
2008-06-23,49.4900016784668,50.20000076293945,48.689998626708984,50.0,42.62131118774414,1152500
2008-06-24,49.869998931884766,49.93000030517578,47.79999923706055,48.25,41.12957763671875,1678800
2008-06-25,48.18000030517578,50.29999923706055,48.18000030517578,49.720001220703125,42.38264465332031,1088100
2008-06-26,49.400001525878906,49.470001220703125,47.400001525878906,47.459999084472656,40.456146240234375,1126600
2008-06-27,47.529998779296875,47.72999954223633,45.369998931884766,46.22999954223633,39.40766906738281,3550000
2008-06-30,46.099998474121094,46.83000183105469,45.599998474121094,45.65999984741211,38.921783447265625,1138900
2008-07-01,47.02000045776367,47.02000045776367,43.939998626708984,45.349998474121094,38.65754318237305,2065800
2008-07-02,45.65999984741211,45.75,42.459999084472656,42.90999984741211,36.5776252746582,2246200
2008-07-03,43.08000183105469,43.31999969482422,41.470001220703125,43.0,36.65433120727539,1886700
2008-07-07,43.099998474121094,44.20000076293945,42.20000076293945,43.04999923706055,36.69696807861328,1761100
2008-07-08,43.0,43.43000030517578,41.81999969482422,43.02000045776367,36.671390533447266,1659100
2008-07-09,43.25,44.20000076293945,42.810001373291016,42.84000015258789,36.517940521240234,971700
2008-07-10,43.86000061035156,44.650001525878906,42.959999084472656,44.25,37.71986389160156,1722800
2008-07-11,43.75,45.630001068115234,42.9900016784668,45.06999969482422,38.45361328125,2174900
2008-07-14,46.189998626708984,47.0,45.36000061035156,45.40999984741211,38.74370193481445,1588100
2008-07-15,44.79999923706055,45.33000183105469,43.65999984741211,44.540000915527344,38.001434326171875,1729300
2008-07-16,44.43000030517578,44.720001220703125,43.130001068115234,44.36000061035156,37.84784698486328,1924300
2008-07-17,44.689998626708984,45.15999984741211,43.70000076293945,43.900001525878906,37.45537567138672,1573900
2008-07-18,44.45000076293945,45.099998474121094,43.43000030517578,44.38999938964844,37.87343978881836,1750800
2008-07-21,44.75,46.849998474121094,44.189998626708984,44.52000045776367,37.98435974121094,1981300
2008-07-22,41.88999938964844,41.970001220703125,37.7599983215332,39.66999816894531,33.84634780883789,10779500
2008-07-23,39.970001220703125,41.119998931884766,39.119998931884766,39.529998779296875,33.726905822753906,3765100
2008-07-24,39.900001525878906,42.5,38.93000030517578,39.130001068115234,33.38562774658203,2827800
2008-07-25,40.189998626708984,40.36000061035156,37.0,40.0,34.12791442871094,2140200
2008-07-28,39.779998779296875,40.150001525878906,38.47999954223633,38.599998474121094,32.93341827392578,2139100
2008-07-29,38.75,39.18000030517578,38.40999984741211,38.529998779296875,32.87369918823242,2513200
2008-07-30,38.939998626708984,39.22999954223633,38.5099983215332,39.099998474121094,33.36001968383789,1979200
2008-07-31,38.81999969482422,39.77000045776367,38.40999984741211,38.529998779296875,32.87369918823242,1733900
2008-08-01,38.810001373291016,39.130001068115234,38.310001373291016,38.59000015258789,32.92490005493164,1805400
2008-08-04,38.720001220703125,38.720001220703125,34.41999816894531,35.11000061035156,29.95577049255371,3357600
2008-08-05,35.630001068115234,35.97999954223633,34.16999816894531,35.5099983215332,30.297046661376953,3446000
2008-08-06,35.7599983215332,37.4900016784668,35.310001373291016,37.060001373291016,31.619516372680664,2005200
2008-08-07,36.93000030517578,37.18000030517578,36.060001373291016,36.15999984741211,30.851627349853516,1631900
2008-08-08,36.400001525878906,38.36000061035156,36.189998626708984,37.810001373291016,32.259403228759766,3007200
2008-08-11,38.7400016784668,39.099998474121094,37.630001068115234,38.0099983215332,32.43004608154297,2219300
2008-08-12,38.279998779296875,39.27000045776367,37.88999938964844,38.93000030517578,33.21499252319336,1582400
2008-08-13,38.810001373291016,39.790000915527344,38.61000061035156,39.650001525878906,33.82928466796875,1431400
2008-08-14,39.810001373291016,39.810001373291016,38.689998626708984,38.7400016784668,33.05286407470703,1397400
2008-08-15,38.86000061035156,39.31999969482422,38.08000183105469,38.540000915527344,32.882240295410156,1042000
2008-08-18,38.880001068115234,39.869998931884766,37.060001373291016,37.2400016784668,31.773082733154297,2106900
2008-08-19,37.15999984741211,37.2400016784668,35.95000076293945,37.150001525878906,31.696300506591797,2620200
2008-08-20,37.54999923706055,38.45000076293945,37.15999984741211,37.709999084472656,32.17407989501953,1397300
2008-08-21,37.54999923706055,38.029998779296875,36.86000061035156,37.18000030517578,31.721891403198242,1540000
2008-08-22,37.43000030517578,38.209999084472656,37.130001068115234,38.09000015258789,32.49829864501953,1049700
2008-08-25,37.63999938964844,38.13999938964844,37.130001068115234,37.38999938964844,31.90105438232422,566400
2008-08-26,37.22999954223633,37.279998779296875,36.18000030517578,37.0,31.568313598632812,1467000
2008-08-27,36.880001068115234,37.84000015258789,36.66999816894531,36.959999084472656,31.534191131591797,1089000
2008-08-28,37.470001220703125,37.66999816894531,36.810001373291016,37.45000076293945,31.952253341674805,1036000
2008-08-29,38.349998474121094,38.79999923706055,37.77000045776367,38.560001373291016,32.899295806884766,1195000
2008-09-02,38.650001525878906,39.08000183105469,38.220001220703125,38.220001220703125,32.60921859741211,1828000
2008-09-03,38.290000915527344,38.439998626708984,36.41999816894531,36.81999969482422,31.41474151611328,1790400
2008-09-04,36.81999969482422,36.81999969482422,33.81999969482422,34.470001220703125,29.409725189208984,3123500
2008-09-05,34.029998779296875,35.27000045776367,33.16999816894531,35.099998474121094,29.947248458862305,2077600
2008-09-08,36.65999984741211,36.65999984741211,35.0,36.27000045776367,30.945478439331055,2527600
2008-09-09,36.779998779296875,36.779998779296875,34.4900016784668,34.599998474121094,29.520639419555664,4037600
2008-09-10,34.68000030517578,36.4900016784668,34.43000030517578,35.5099983215332,30.297046661376953,2342700
2008-09-11,35.43000030517578,36.61000061035156,34.25,36.43000030517578,31.081993103027344,1516600
2008-09-12,35.90999984741211,37.33000183105469,35.90999984741211,37.04999923706055,31.61097526550293,2073300
2008-09-15,36.33000183105469,36.369998931884766,33.849998474121094,34.0099983215332,29.01725196838379,1922000
2008-09-16,33.11000061035156,33.290000915527344,31.520000457763672,33.220001220703125,28.343223571777344,5484600
2008-09-17,32.70000076293945,32.900001525878906,30.75,30.959999084472656,26.415000915527344,2080800
2008-09-18,31.1200008392334,32.369998931884766,29.190000534057617,32.13999938964844,27.421775817871094,3223600
2008-09-19,33.7400016784668,33.7400016784668,32.13999938964844,33.7400016784668,28.786888122558594,2827000
2008-09-22,34.040000915527344,34.540000915527344,32.279998779296875,32.45000076293945,27.68626594543457,1767300
2008-09-23,32.20000076293945,33.27000045776367,31.0,31.75,27.089021682739258,1840000
2008-09-24,32.0,32.560001373291016,31.329999923706055,32.15999984741211,27.438838958740234,1713500
2008-09-25,32.29999923706055,32.29999923706055,29.790000915527344,30.6299991607666,26.13344383239746,3169900
2008-09-26,29.520000457763672,30.450000762939453,28.0,30.25,25.80923080444336,1856000
2008-09-29,29.540000915527344,29.780000686645508,25.549999237060547,25.90999984741211,22.10635757446289,3434300
2008-09-30,25.84000015258789,28.139999389648438,24.68000030517578,27.90999984741211,23.8127498626709,3874300
2008-10-01,27.760000228881836,27.760000228881836,25.65999984741211,26.5,22.609731674194336,3936000
2008-10-02,26.209999084472656,26.690000534057617,22.739999771118164,22.93000030517578,19.563819885253906,2923200
2008-10-03,23.0,23.670000076293945,21.530000686645508,21.81999969482422,18.616769790649414,5109000
2008-10-06,21.010000228881836,21.809999465942383,18.770000457763672,20.15999984741211,17.200458526611328,3765000
2008-10-07,20.239999771118164,20.68000030517578,17.829999923706055,18.100000381469727,15.44288158416748,4137900
2008-10-08,17.149999618530273,19.18000030517578,17.06999969482422,18.549999237060547,15.82681941986084,4679600
2008-10-09,19.049999237060547,20.969999313354492,18.280000686645508,18.280000686645508,15.596452713012695,4609800
2008-10-10,17.1299991607666,19.84000015258789,13.8100004196167,17.31999969482422,14.809786796569824,3314100
2008-10-13,18.3799991607666,20.799999237060547,18.0,20.459999084472656,17.49470329284668,3613300
2008-10-14,21.65999984741211,21.860000610351562,18.93000030517578,19.56999969482422,16.73369789123535,2145900
2008-10-15,19.56999969482422,19.56999969482422,16.899999618530273,16.989999771118164,14.527617454528809,2778000
2008-10-16,17.010000228881836,18.350000381469727,16.149999618530273,18.09000015258789,15.46819019317627,3296800
2008-10-17,17.940000534057617,20.09000015258789,17.219999313354492,18.809999465942383,16.083833694458008,3035000
2008-10-20,19.290000915527344,19.899999618530273,18.799999237060547,19.690000534057617,16.836305618286133,2982900
2008-10-21,16.479999542236328,17.5,13.8100004196167,14.300000190734863,12.227481842041016,8589300
2008-10-22,14.579999923706055,14.859999656677246,13.649999618530273,14.260000228881836,12.193282127380371,5339100
2008-10-23,14.5600004196167,14.960000038146973,13.170000076293945,14.5600004196167,12.449799537658691,4398900
2008-10-24,13.600000381469727,14.210000038146973,11.710000038146973,13.609999656677246,11.637483596801758,3082700
2008-10-27,13.460000038146973,13.470000267028809,11.369999885559082,11.369999885559082,9.722132682800293,4161600
2008-10-28,11.579999923706055,12.800000190734863,10.8100004196167,12.020000457763672,10.277925491333008,4407000
2008-10-29,11.850000381469727,13.279999732971191,11.619999885559082,13.0,11.115891456604004,4202600
2008-10-30,13.350000381469727,14.119999885559082,11.829999923706055,13.039999961853027,11.15009880065918,8614300
2008-10-31,13.0,14.4399995803833,12.75,13.859999656677246,11.8512544631958,3339200
2008-11-03,14.1899995803833,15.100000381469727,13.90999984741211,14.140000343322754,12.090673446655273,2931600
2008-11-04,14.550000190734863,15.6899995803833,14.3100004196167,15.350000381469727,13.125304222106934,2644300
2008-11-05,15.180000305175781,15.520000457763672,14.140000343322754,14.1899995803833,12.133428573608398,2106100
2008-11-06,13.829999923706055,14.079999923706055,12.9399995803833,12.989999771118164,11.107344627380371,1519200
2008-11-07,13.239999771118164,14.130000114440918,12.970000267028809,14.130000114440918,12.082123756408691,2039600
2008-11-10,15.079999923706055,15.220000267028809,14.199999809265137,14.420000076293945,12.33008861541748,3209900
2008-11-11,14.380000114440918,14.380000114440918,13.270000457763672,13.6899995803833,11.705889701843262,2864800
2008-11-12,13.869999885559082,13.869999885559082,12.199999809265137,12.199999809265137,10.431838989257812,3558500
2008-11-13,12.40999984741211,13.550000190734863,11.65999984741211,13.550000190734863,11.586180686950684,3414100
2008-11-14,13.170000076293945,13.640000343322754,12.649999618530273,12.90999984741211,11.038936614990234,2204200
2008-11-17,12.800000190734863,13.300000190734863,12.539999961853027,12.970000267028809,11.090242385864258,2256000
2008-11-18,12.720000267028809,12.920000076293945,12.140000343322754,12.640000343322754,10.808069229125977,2703200
2008-11-19,12.350000381469727,12.619999885559082,11.050000190734863,11.079999923706055,9.474163055419922,4088300
2008-11-20,11.140000343322754,11.25,8.369999885559082,8.460000038146973,7.23388147354126,6653200
2008-11-21,7.019999980926514,7.800000190734863,5.710000038146973,7.599999904632568,6.498522758483887,7805600
2008-11-24,7.960000038146973,8.829999923706055,7.599999904632568,8.699999809265137,7.439098358154297,3410400
2008-11-25,8.8100004196167,9.59000015258789,8.8100004196167,9.470000267028809,8.097501754760742,3109000
2008-11-26,9.279999732971191,11.119999885559082,9.1899995803833,11.039999961853027,9.439957618713379,4052400
2008-11-28,11.039999961853027,11.579999923706055,11.0,11.550000190734863,9.876045227050781,849200
2008-12-01,11.010000228881836,11.119999885559082,10.020000457763672,10.0600004196167,8.60198974609375,4516600
2008-12-02,10.369999885559082,10.59000015258789,9.84000015258789,10.329999923706055,8.832860946655273,3435900
2008-12-03,9.619999885559082,11.0,9.619999885559082,10.600000381469727,9.063730239868164,3529900
2008-12-04,10.210000038146973,11.619999885559082,10.029999732971191,11.5,9.833288192749023,4501100
2008-12-05,11.0,11.460000038146973,10.699999809265137,10.920000076293945,9.337347984313965,5560800
2008-12-08,11.550000190734863,13.0600004196167,11.079999923706055,12.279999732971191,10.500243186950684,5354300
2008-12-09,12.079999923706055,12.710000038146973,11.789999961853027,11.880000114440918,10.15821361541748,3952000
2008-12-10,12.220000267028809,12.59000015258789,11.1899995803833,11.739999771118164,10.038505554199219,3154200
2008-12-11,11.699999809265137,12.020000457763672,11.020000457763672,11.119999885559082,9.508367538452148,2519700
2008-12-12,10.59000015258789,11.449999809265137,10.5,11.239999771118164,9.610971450805664,1847600
2008-12-15,11.329999923706055,11.789999961853027,11.149999618530273,11.470000267028809,9.807639122009277,1505900
2008-12-16,11.59000015258789,12.510000228881836,11.449999809265137,12.5,10.688358306884766,2076100
2008-12-17,12.170000076293945,13.109999656677246,12.0,12.680000305175781,10.842270851135254,2335300
2008-12-18,12.9399995803833,12.9399995803833,11.699999809265137,12.0600004196167,10.312128067016602,2031300
2008-12-19,12.100000381469727,12.279999732971191,11.880000114440918,11.979999542236328,10.24372386932373,2132200
2008-12-22,12.039999961853027,12.130000114440918,11.170000076293945,11.609999656677246,9.927347183227539,1779800
2008-12-23,11.600000381469727,11.989999771118164,11.399999618530273,11.489999771118164,9.82474136352539,1003800
2008-12-24,11.640000343322754,11.699999809265137,11.050000190734863,11.460000038146973,9.799091339111328,552600
2008-12-26,11.5,11.739999771118164,11.170000076293945,11.720000267028809,10.021408081054688,463800
2008-12-29,11.710000038146973,11.710000038146973,11.109999656677246,11.239999771118164,9.610971450805664,881900
2008-12-30,11.300000190734863,11.789999961853027,11.149999618530273,11.699999809265137,10.004303932189941,1052700
2008-12-31,11.699999809265137,12.5,11.699999809265137,12.430000305175781,10.628503799438477,1119700
2009-01-02,12.5,13.180000305175781,12.25,13.09000015258789,11.192851066589355,1193700
2009-01-05,13.25,13.75,12.710000038146973,13.619999885559082,11.64603328704834,2113400
2009-01-06,13.949999809265137,14.65999984741211,13.649999618530273,14.239999771118164,12.176177024841309,2972400
2009-01-07,13.9399995803833,14.600000381469727,13.789999961853027,14.5,12.398494720458984,3249000
2009-01-08,14.550000190734863,14.680000305175781,14.229999542236328,14.479999542236328,12.38139533996582,3594200
2009-01-09,14.5,15.270000457763672,14.40999984741211,14.960000038146973,12.791830062866211,2757400
2009-01-12,14.720000267028809,15.0,13.430000305175781,13.619999885559082,11.64603328704834,2443300
2009-01-13,13.59000015258789,13.819999694824219,13.199999809265137,13.40999984741211,11.500244140625,1861000
2009-01-14,12.979999542236328,13.0,12.300000190734863,12.800000190734863,10.977116584777832,2421500
2009-01-15,12.699999809265137,13.020000457763672,12.010000228881836,12.579999923706055,10.788450241088867,2219000
2009-01-16,12.9399995803833,13.079999923706055,12.010000228881836,12.0600004196167,10.34250259399414,3413300
2009-01-20,12.050000190734863,12.050000190734863,11.180000305175781,11.220000267028809,9.6221284866333,1800000
2009-01-21,11.5,11.869999885559082,10.949999809265137,11.869999885559082,10.179560661315918,1911700
2009-01-22,11.539999961853027,11.720000267028809,11.180000305175781,11.430000305175781,9.802227020263672,1514200
2009-01-23,11.039999961853027,12.069999694824219,10.59000015258789,11.920000076293945,10.222440719604492,1893700
2009-01-26,11.9399995803833,12.289999961853027,11.539999961853027,11.819999694824219,10.136683464050293,1587800
2009-01-27,11.880000114440918,12.050000190734863,11.510000228881836,11.850000381469727,10.1624116897583,970600
2009-01-28,11.949999809265137,12.630000114440918,11.9399995803833,12.09000015258789,10.368228912353516,2802900
2009-01-29,12.180000305175781,12.180000305175781,11.5,11.550000190734863,9.905135154724121,1221700
2009-01-30,11.399999618530273,11.5600004196167,10.569999694824219,10.649999618530273,9.13330364227295,2189400
2009-02-02,10.5,11.020000457763672,10.109999656677246,10.460000038146973,8.970364570617676,3212500
2009-02-03,9.850000381469727,10.149999618530273,9.460000038146973,9.5,8.147077560424805,6207800
2009-02-04,9.489999771118164,10.119999885559082,9.300000190734863,10.0,8.575875282287598,5463800
2009-02-05,10.050000190734863,10.510000228881836,9.630000114440918,10.420000076293945,8.936059951782227,2331000
2009-02-06,10.579999923706055,12.079999923706055,10.479999542236328,11.920000076293945,10.222440719604492,3678400
2009-02-09,11.819999694824219,12.470000267028809,11.5600004196167,11.970000267028809,10.265316009521484,2388000
2009-02-10,11.8100004196167,12.260000228881836,11.010000228881836,11.260000228881836,9.656431198120117,2894100
2009-02-11,11.260000228881836,11.520000457763672,11.050000190734863,11.289999961853027,9.68216323852539,2282300
2009-02-12,10.869999885559082,11.279999732971191,10.569999694824219,11.119999885559082,9.536373138427734,1795800
2009-02-13,11.020000457763672,11.470000267028809,10.930000305175781,11.010000228881836,9.442036628723145,1716300
2009-02-17,10.8100004196167,10.84000015258789,10.039999961853027,10.09000015258789,8.653057098388672,1436000
2009-02-18,10.25,10.25,9.569999694824219,9.619999885559082,8.249991416931152,2213900
2009-02-19,9.680000305175781,10.25,9.59000015258789,9.800000190734863,8.4043550491333,1561300
2009-02-20,9.760000228881836,10.140000343322754,9.380000114440918,9.930000305175781,8.515839576721191,2278300
2009-02-23,10.0,10.430000305175781,9.329999923706055,9.359999656677246,8.027016639709473,3148300
2009-02-24,9.449999809265137,9.829999923706055,9.119999885559082,9.539999961853027,8.181384086608887,2527900
2009-02-25,9.010000228881836,9.6899995803833,8.949999809265137,8.979999542236328,7.70113468170166,2610200
2009-02-26,9.0600004196167,9.470000267028809,8.670000076293945,8.680000305175781,7.4438581466674805,1717300
2009-02-27,8.350000381469727,8.8100004196167,8.140000343322754,8.539999961853027,7.323797702789307,3025600
2009-03-02,8.4399995803833,8.4399995803833,7.610000133514404,7.71999979019165,6.620574951171875,3184800
2009-03-03,7.829999923706055,8.130000114440918,7.440000057220459,7.519999980926514,6.449056148529053,3196800
2009-03-04,8.25,9.649999618530273,8.25,9.220000267028809,7.906956195831299,3783900
2009-03-05,9.140000343322754,9.140000343322754,8.5,8.5600004196167,7.340948104858398,3200600
2009-03-06,8.550000190734863,8.779999732971191,8.119999885559082,8.359999656677246,7.169429302215576,3018000
2009-03-09,8.270000457763672,8.9399995803833,8.210000038146973,8.289999961853027,7.109401702880859,2620700
2009-03-10,8.670000076293945,9.630000114440918,8.670000076293945,9.630000114440918,8.258567810058594,3898600
2009-03-11,9.829999923706055,10.649999618530273,9.829999923706055,10.489999771118164,8.996091842651367,3498300
2009-03-12,10.430000305175781,11.399999618530273,10.210000038146973,11.25,9.647859573364258,3416800
2009-03-13,11.430000305175781,11.789999961853027,10.729999542236328,10.800000190734863,9.261947631835938,3207000
2009-03-16,10.899999618530273,11.220000267028809,10.59000015258789,10.59000015258789,9.081850051879883,1790700
2009-03-17,10.569999694824219,11.09000015258789,10.300000190734863,11.0,9.433462142944336,1353700
2009-03-18,10.899999618530273,11.510000228881836,10.520000457763672,11.369999885559082,9.75076961517334,1828200
2009-03-19,11.5600004196167,11.880000114440918,11.279999732971191,11.630000114440918,9.973740577697754,1338900
2009-03-20,12.119999885559082,12.300000190734863,11.460000038146973,11.720000267028809,10.05092716217041,2491200
2009-03-23,12.1899995803833,13.470000267028809,11.920000076293945,13.470000267028809,11.551701545715332,3195200
2009-03-24,13.130000114440918,13.569999694824219,12.920000076293945,13.100000381469727,11.234395027160645,2401500
2009-03-25,13.100000381469727,13.65999984741211,12.4399995803833,13.1899995803833,11.311574935913086,2120200
2009-03-26,13.460000038146973,15.1899995803833,13.460000038146973,14.399999618530273,12.349257469177246,4172500
2009-03-27,14.1899995803833,14.720000267028809,14.1899995803833,14.399999618530273,12.349257469177246,3570200
2009-03-30,13.770000457763672,14.289999961853027,12.960000038146973,13.09000015258789,11.225818634033203,2336500
2009-03-31,13.079999923706055,13.829999923706055,12.779999732971191,13.369999885559082,11.465944290161133,2424800
2009-04-01,13.100000381469727,14.359999656677246,12.670000076293945,14.180000305175781,12.160590171813965,3074900
2009-04-02,14.569999694824219,15.890000343322754,14.569999694824219,15.619999885559082,13.395514488220215,3449900
2009-04-03,15.270000457763672,16.709999084472656,15.239999771118164,16.56999969482422,14.210222244262695,2516100
2009-04-06,14.6899995803833,16.020000457763672,14.239999771118164,15.960000038146973,13.687090873718262,3879600
2009-04-07,15.640000343322754,16.219999313354492,15.359999656677246,15.760000228881836,13.515576362609863,3469700
2009-04-08,15.8100004196167,16.790000915527344,15.470000267028809,16.3700008392334,14.038705825805664,2842900
2009-04-09,16.90999984741211,17.860000610351562,16.209999084472656,17.59000015258789,15.084959983825684,3285900
2009-04-13,17.3700008392334,18.1200008392334,16.799999237060547,17.979999542236328,15.454565048217773,2805700
2009-04-14,17.75,17.90999984741211,16.959999084472656,17.239999771118164,14.818501472473145,2474300
2009-04-15,17.25,17.5,16.729999542236328,17.149999618530273,14.741141319274902,3280000
2009-04-16,17.469999313354492,17.829999923706055,16.75,17.68000030517578,15.19670295715332,3660800
2009-04-17,17.610000610351562,17.780000686645508,17.0,17.540000915527344,15.076371192932129,2462500
2009-04-20,17.15999984741211,17.190000534057617,15.960000038146973,16.299999237060547,14.010534286499023,2989400
2009-04-21,15.90999984741211,17.559999465942383,15.90999984741211,17.520000457763672,15.059173583984375,1723200
2009-04-22,17.190000534057617,17.790000915527344,16.549999237060547,16.719999313354492,14.371541023254395,3109500
2009-04-23,16.600000381469727,17.1299991607666,15.899999618530273,16.579999923706055,14.251213073730469,3151000
2009-04-24,17.239999771118164,18.479999542236328,16.829999923706055,18.360000610351562,15.781190872192383,3745300
2009-04-27,18.059999465942383,18.520000457763672,17.389999389648438,18.5,15.90152359008789,2994000
2009-04-28,18.600000381469727,18.920000076293945,17.829999923706055,18.34000015258789,15.763993263244629,4841800
2009-04-29,18.520000457763672,21.059999465942383,18.43000030517578,20.219999313354492,17.379940032958984,5054300
2009-04-30,20.90999984741211,21.469999313354492,20.309999465942383,20.84000015258789,17.912857055664062,4271300
2009-05-01,21.030000686645508,21.920000076293945,20.739999771118164,21.360000610351562,18.359817504882812,2532900
2009-05-04,21.75,22.639999389648438,21.510000228881836,22.0,18.909927368164062,3252500
2009-05-05,21.530000686645508,22.440000534057617,21.530000686645508,22.190000534057617,19.0732364654541,3096600
2009-05-06,22.6200008392334,23.34000015258789,21.010000228881836,22.06999969482422,18.9700927734375,3458800
2009-05-07,22.510000228881836,22.520000457763672,19.239999771118164,20.299999237060547,17.448699951171875,4754400
2009-05-08,20.59000015258789,21.709999084472656,19.719999313354492,21.65999984741211,18.617679595947266,3124700
2009-05-11,22.010000228881836,22.15999984741211,19.290000915527344,21.790000915527344,18.72942543029785,5567800
2009-05-12,22.459999084472656,22.950000762939453,19.760000228881836,20.600000381469727,17.706560134887695,4463600
2009-05-13,19.200000762939453,19.489999771118164,18.360000610351562,18.790000915527344,16.150793075561523,4552700
2009-05-14,18.670000076293945,19.829999923706055,18.670000076293945,19.5,16.76106071472168,4016900
2009-05-15,19.6299991607666,20.1299991607666,18.600000381469727,18.739999771118164,16.107820510864258,3221400
2009-05-18,19.0,20.100000381469727,18.90999984741211,19.8799991607666,17.08769989013672,2898200
2009-05-19,20.030000686645508,20.729999542236328,19.350000381469727,20.459999084472656,17.586227416992188,2789600
2009-05-20,20.700000762939453,21.5,20.3700008392334,20.809999465942383,17.887073516845703,2785500
2009-05-21,20.520000457763672,20.530000686645508,19.299999237060547,19.5,16.76106071472168,1928100
2009-05-22,19.350000381469727,19.950000762939453,19.1200008392334,19.200000762939453,16.503211975097656,2149100
2009-05-26,18.8799991607666,19.59000015258789,18.299999237060547,19.540000915527344,16.795454025268555,3261600
2009-05-27,19.290000915527344,20.15999984741211,19.149999618530273,19.18000030517578,16.486019134521484,2679000
2009-05-28,19.190000534057617,19.799999237060547,18.969999313354492,19.770000457763672,16.993146896362305,2785100
2009-05-29,19.790000915527344,20.639999389648438,19.790000915527344,20.510000228881836,17.62920570373535,2812100
2009-06-01,21.200000762939453,22.049999237060547,21.049999237060547,21.84000015258789,18.772396087646484,3689300
2009-06-02,21.799999237060547,22.329999923706055,21.3700008392334,22.040000915527344,18.944305419921875,3926600
2009-06-03,21.829999923706055,21.829999923706055,20.489999771118164,20.760000228881836,17.844091415405273,2487300
2009-06-04,20.959999084472656,21.31999969482422,20.6299991607666,21.190000534057617,18.213693618774414,2957700
2009-06-05,21.440000534057617,21.729999542236328,21.0,21.209999084472656,18.230886459350586,3316600
2009-06-08,20.81999969482422,21.889999389648438,20.75,21.6299991607666,18.591890335083008,2954800
2009-06-09,21.729999542236328,23.229999542236328,21.729999542236328,23.1299991607666,19.88120460510254,2844500
2009-06-10,23.479999542236328,23.6200008392334,21.90999984741211,22.920000076293945,19.700702667236328,2306600
2009-06-11,22.8700008392334,24.299999237060547,22.84000015258789,23.829999923706055,20.482879638671875,2511700
2009-06-12,23.610000610351562,23.920000076293945,22.989999771118164,23.610000610351562,20.293790817260742,1318900
2009-06-15,23.420000076293945,23.420000076293945,22.389999389648438,23.239999771118164,19.97575569152832,1621400
2009-06-16,23.329999923706055,24.049999237060547,22.31999969482422,22.479999542236328,19.322498321533203,3031600
2009-06-17,22.290000915527344,22.6200008392334,21.420000076293945,21.959999084472656,18.875537872314453,2308600
2009-06-18,22.049999237060547,22.889999389648438,21.829999923706055,22.389999389648438,19.245145797729492,713700
2009-06-19,22.709999084472656,22.8799991607666,21.950000762939453,22.25,19.124807357788086,1144400
2009-06-22,21.899999618530273,21.899999618530273,20.309999465942383,20.3700008392334,17.508869171142578,1940100
2009-06-23,20.459999084472656,21.139999389648438,20.25,20.81999969482422,17.89566993713379,2164200
2009-06-24,21.1200008392334,22.0,20.959999084472656,21.829999923706055,18.76380157470703,2293700
2009-06-25,21.610000610351562,22.670000076293945,21.610000610351562,22.579999923706055,19.408456802368164,1950100
2009-06-26,22.030000686645508,22.959999084472656,22.030000686645508,22.899999618530273,19.683509826660156,1771300
2009-06-29,23.0,24.040000915527344,22.889999389648438,23.860000610351562,20.508670806884766,1693500
2009-06-30,23.770000457763672,23.969999313354492,23.149999618530273,23.75,20.414119720458984,1762700
2009-07-01,23.940000534057617,24.360000610351562,23.6200008392334,23.770000457763672,20.43130874633789,1129400
2009-07-02,22.809999465942383,23.219999313354492,22.3700008392334,22.649999618530273,19.468626022338867,872900
2009-07-06,22.43000030517578,22.43000030517578,21.280000686645508,22.059999465942383,18.961498260498047,1526100
2009-07-07,22.06999969482422,22.25,21.309999465942383,21.450000762939453,18.437175750732422,1514300
2009-07-08,21.440000534057617,21.770000457763672,20.549999237060547,20.81999969482422,17.89566993713379,3078600
2009-07-09,21.239999771118164,21.639999389648438,20.81999969482422,21.139999389648438,18.170717239379883,1507900
2009-07-10,20.90999984741211,21.40999984741211,20.270000457763672,20.809999465942383,17.887073516845703,1527200
2009-07-13,20.729999542236328,20.729999542236328,19.719999313354492,20.520000457763672,17.671772003173828,5477100
2009-07-14,20.389999389648438,21.309999465942383,20.389999389648438,20.950000762939453,18.042081832885742,2164900
2009-07-15,21.43000030517578,21.969999313354492,21.280000686645508,21.940000534057617,18.894672393798828,1654200
2009-07-16,21.93000030517578,22.780000686645508,21.93000030517578,22.649999618530273,19.50611686706543,1462000
2009-07-17,22.649999618530273,22.90999984741211,22.25,22.639999389648438,19.497509002685547,1117600
2009-07-20,22.709999084472656,23.459999084472656,22.600000381469727,23.170000076293945,19.953948974609375,1124000
2009-07-21,23.649999618530273,24.56999969482422,23.3799991607666,24.56999969482422,21.159618377685547,2924800
2009-07-22,24.270000457763672,24.540000915527344,23.860000610351562,24.200000762939453,20.840972900390625,2216100
2009-07-23,24.110000610351562,25.479999542236328,24.100000381469727,25.450000762939453,21.9174747467041,2296100
2009-07-24,25.3700008392334,25.6299991607666,24.809999465942383,25.59000015258789,22.038042068481445,1173800
2009-07-27,25.440000534057617,26.43000030517578,25.440000534057617,26.1200008392334,22.494468688964844,2455900
2009-07-28,24.920000076293945,25.530000686645508,23.959999084472656,24.719999313354492,21.288789749145508,2947100
2009-07-29,24.399999618530273,24.610000610351562,24.18000030517578,24.270000457763672,20.90125846862793,2184300
2009-07-30,24.790000915527344,25.329999923706055,24.739999771118164,24.850000381469727,21.400758743286133,1725000
2009-07-31,24.809999465942383,25.799999237060547,24.729999542236328,25.700000762939453,22.132766723632812,1760000
2009-08-03,25.8799991607666,27.1299991607666,25.8799991607666,27.110000610351562,23.347061157226562,1902600
2009-08-04,26.649999618530273,27.440000534057617,26.649999618530273,27.31999969482422,23.527910232543945,1310800
2009-08-05,27.31999969482422,27.540000915527344,26.56999969482422,26.940000534057617,23.20065689086914,811400
2009-08-06,26.979999542236328,27.149999618530273,25.979999542236328,26.299999237060547,22.64948081970215,925300
2009-08-07,26.809999465942383,27.540000915527344,26.209999084472656,27.389999389648438,23.588193893432617,2043200
2009-08-10,27.09000015258789,27.739999771118164,26.969999313354492,27.43000030517578,23.622638702392578,1516400
2009-08-11,27.149999618530273,27.43000030517578,26.889999389648438,27.239999771118164,23.459014892578125,1299600
2009-08-12,27.139999389648438,27.40999984741211,26.889999389648438,27.18000030517578,23.4073429107666,1789500
2009-08-13,27.34000015258789,27.829999923706055,27.100000381469727,27.34000015258789,23.545129776000977,1364900
2009-08-14,27.190000534057617,27.5,26.559999465942383,26.920000076293945,23.183427810668945,1562800
2009-08-17,26.280000686645508,26.280000686645508,24.709999084472656,25.1200008392334,21.633277893066406,1957400
2009-08-18,25.09000015258789,25.940000534057617,25.09000015258789,25.8799991607666,22.28778648376465,1588800
2009-08-19,25.200000762939453,26.049999237060547,25.200000762939453,25.899999618530273,22.305007934570312,1455800
2009-08-20,26.06999969482422,26.600000381469727,25.969999313354492,26.1299991607666,22.503084182739258,1133200
2009-08-21,26.549999237060547,26.8700008392334,26.399999618530273,26.700000762939453,22.993972778320312,818600
2009-08-24,26.809999465942383,27.579999923706055,26.420000076293945,26.43000030517578,22.761444091796875,1317300
2009-08-25,26.670000076293945,27.110000610351562,26.3700008392334,26.5,22.82172393798828,2035300
2009-08-26,26.229999542236328,26.420000076293945,25.940000534057617,26.09000015258789,22.46863555908203,1921200
2009-08-27,26.100000381469727,26.110000610351562,24.989999771118164,25.389999389648438,21.865800857543945,1667200
2009-08-28,25.780000686645508,26.510000228881836,25.389999389648438,25.899999618530273,22.305007934570312,1327900
2009-08-31,25.420000076293945,25.75,25.09000015258789,25.469999313354492,21.934694290161133,1279200
2009-09-01,25.3700008392334,25.899999618530273,24.389999389648438,24.459999084472656,21.06488037109375,1221700
2009-09-02,24.389999389648438,24.81999969482422,24.149999618530273,24.719999313354492,21.288789749145508,940300
2009-09-03,24.899999618530273,25.139999389648438,24.139999389648438,25.0,21.529932022094727,1579000
2009-09-04,25.010000228881836,25.010000228881836,24.110000610351562,24.40999984741211,21.021827697753906,1485800
2009-09-08,24.84000015258789,25.360000610351562,24.600000381469727,25.290000915527344,21.77968406677246,1959500
2009-09-09,25.260000228881836,26.020000457763672,24.8700008392334,25.56999969482422,22.02081871032715,1442200
2009-09-10,25.56999969482422,26.6200008392334,25.079999923706055,26.5,22.82172393798828,1657200
2009-09-11,26.56999969482422,27.149999618530273,26.469999313354492,26.6299991607666,22.933683395385742,1067200
2009-09-14,26.700000762939453,27.149999618530273,26.40999984741211,26.93000030517578,23.192041397094727,1167500
2009-09-15,26.979999542236328,27.450000762939453,26.450000762939453,27.09000015258789,23.329830169677734,1232900
2009-09-16,27.200000762939453,27.56999969482422,26.829999923706055,27.5,23.68292808532715,1214300
2009-09-17,27.43000030517578,27.93000030517578,27.280000686645508,27.399999618530273,23.5968074798584,1010600
2009-09-18,27.520000457763672,27.68000030517578,26.850000381469727,26.950000762939453,23.209266662597656,2034400
2009-09-21,26.56999969482422,27.459999084472656,26.1299991607666,27.389999389648438,23.588193893432617,1402500
2009-09-22,27.649999618530273,27.68000030517578,26.760000228881836,26.90999984741211,23.174816131591797,2094900
2009-09-23,26.770000457763672,26.989999771118164,25.649999618530273,25.65999984741211,22.09832000732422,1959800
2009-09-24,25.670000076293945,25.81999969482422,24.440000534057617,24.790000915527344,21.349084854125977,1728700
2009-09-25,24.729999542236328,25.270000457763672,24.100000381469727,24.149999618530273,20.797914505004883,2745200
2009-09-28,24.25,25.719999313354492,24.239999771118164,25.1299991607666,21.641883850097656,2006600
2009-09-29,25.25,25.68000030517578,24.969999313354492,25.440000534057617,21.908859252929688,1226200
2009-09-30,25.549999237060547,25.639999389648438,24.780000686645508,25.0,21.529932022094727,1889500
2009-10-01,24.860000610351562,25.010000228881836,24.34000015258789,24.389999389648438,21.004600524902344,1829300
2009-10-02,23.920000076293945,24.25,23.649999618530273,23.8799991607666,20.565387725830078,1782700
2009-10-05,24.1200008392334,24.440000534057617,23.8799991607666,24.280000686645508,20.909873962402344,1490600
2009-10-06,24.65999984741211,25.100000381469727,24.559999465942383,25.030000686645508,21.555770874023438,1426400
2009-10-07,25.079999923706055,25.6200008392334,24.84000015258789,25.200000762939453,21.702173233032227,1626100
2009-10-08,25.6299991607666,25.959999084472656,25.239999771118164,25.90999984741211,22.313627243041992,1768300
2009-10-09,25.8799991607666,25.979999542236328,25.260000228881836,25.459999084472656,21.926082611083984,1274800
2009-10-12,25.639999389648438,26.0,25.100000381469727,25.3799991607666,21.85718536376953,1102900
2009-10-13,25.3799991607666,25.670000076293945,24.75,25.329999923706055,21.84856414794922,970700
2009-10-14,25.729999542236328,26.719999313354492,25.729999542236328,26.479999542236328,22.840503692626953,2290700
2009-10-15,26.149999618530273,26.90999984741211,26.030000686645508,26.899999618530273,23.202774047851562,1189000
2009-10-16,26.649999618530273,26.84000015258789,26.190000534057617,26.40999984741211,22.780122756958008,1229900
2009-10-19,26.6299991607666,27.290000915527344,26.34000015258789,27.200000762939453,23.4615421295166,1168900
2009-10-20,27.170000076293945,27.260000228881836,26.530000686645508,26.959999084472656,23.25452995300293,1670000
2009-10-21,26.780000686645508,27.25,26.229999542236328,26.34000015258789,22.719743728637695,1740300
2009-10-22,26.290000915527344,27.299999237060547,25.920000076293945,27.030000686645508,23.31490707397461,1405600
2009-10-23,27.229999542236328,27.229999542236328,25.860000610351562,26.1200008392334,22.529977798461914,2067400
2009-10-26,26.229999542236328,26.81999969482422,25.75,25.959999084472656,22.391963958740234,1586200
2009-10-27,27.81999969482422,28.8700008392334,27.56999969482422,28.190000534057617,24.31547737121582,5628100
2009-10-28,28.149999618530273,28.229999542236328,26.81999969482422,26.889999389648438,23.19414710998535,3347600
2009-10-29,27.350000381469727,28.34000015258789,27.260000228881836,28.25,24.367231369018555,1864500
2009-10-30,28.200000762939453,28.389999389648438,27.280000686645508,27.450000762939453,23.677188873291016,3120000
2009-11-02,27.780000686645508,28.020000457763672,26.739999771118164,27.309999465942383,23.55642318725586,1841500
2009-11-03,26.950000762939453,27.690000534057617,26.690000534057617,27.43000030517578,23.659929275512695,1642500
2009-11-04,27.850000381469727,28.399999618530273,27.670000076293945,27.899999618530273,24.06533432006836,1614300
2009-11-05,28.110000610351562,29.329999923706055,28.059999465942383,29.239999771118164,25.221162796020508,1718600
2009-11-06,28.739999771118164,29.649999618530273,28.649999618530273,29.290000915527344,25.264284133911133,1913300
2009-11-09,29.639999389648438,30.200000762939453,29.479999542236328,30.1299991607666,25.988834381103516,1728800
2009-11-10,30.09000015258789,30.09000015258789,28.729999542236328,29.440000534057617,25.393661499023438,1713000
2009-11-11,29.56999969482422,29.829999923706055,29.0,29.25,25.22978401184082,1463200
2009-11-12,29.329999923706055,29.520000457763672,28.670000076293945,28.799999237060547,24.841632843017578,2383400
2009-11-13,28.799999237060547,29.25,28.579999923706055,29.18000030517578,25.16940689086914,2422800
2009-11-16,29.639999389648438,29.8700008392334,29.43000030517578,29.700000762939453,25.617935180664062,2347400
2009-11-17,29.6200008392334,29.81999969482422,29.170000076293945,29.610000610351562,25.54030990600586,1570700
2009-11-18,29.799999237060547,29.8799991607666,28.989999771118164,29.399999618530273,25.35916519165039,1498500
2009-11-19,29.139999389648438,29.25,28.280000686645508,29.1200008392334,25.117650985717773,1424700
2009-11-20,28.690000534057617,29.1200008392334,28.65999984741211,29.06999969482422,25.07451820373535,1017200
2009-11-23,29.530000686645508,30.059999465942383,29.420000076293945,29.649999618530273,25.574810028076172,1766200
2009-11-24,29.639999389648438,29.729999542236328,28.889999389648438,29.25,25.22978401184082,1237000
2009-11-25,29.350000381469727,30.31999969482422,29.350000381469727,30.1299991607666,25.988834381103516,1060900
2009-11-27,28.8799991607666,29.959999084472656,28.850000381469727,29.6299991607666,25.557559967041016,677800
2009-11-30,29.510000228881836,29.950000762939453,29.360000610351562,29.760000228881836,25.669689178466797,1463300
2009-12-01,30.0,30.979999542236328,30.0,30.760000228881836,26.532249450683594,1796500
2009-12-02,30.739999771118164,31.600000381469727,30.600000381469727,31.520000457763672,27.18778419494629,1682400
2009-12-03,31.43000030517578,32.18000030517578,31.270000457763672,31.479999542236328,27.153282165527344,1629800
2009-12-04,31.68000030517578,32.380001068115234,30.760000228881836,30.969999313354492,26.713375091552734,2356500
2009-12-07,30.799999237060547,31.6200008392334,30.790000915527344,31.329999923706055,27.023900985717773,997600
2009-12-08,31.059999465942383,31.299999237060547,30.479999542236328,31.149999618530273,26.86864471435547,1181100
2009-12-09,31.149999618530273,31.770000457763672,30.829999923706055,31.6299991607666,27.282669067382812,1355200
2009-12-10,31.780000686645508,32.38999938964844,31.399999618530273,31.809999465942383,27.43793487548828,1425200
2009-12-11,32.099998474121094,32.380001068115234,31.68000030517578,32.20000076293945,27.774324417114258,961900
2009-12-14,32.59000015258789,33.279998779296875,31.940000534057617,32.790000915527344,28.283239364624023,1344100
2009-12-15,32.779998779296875,33.0,31.899999618530273,32.029998779296875,27.62769317626953,1262300
2009-12-16,32.38999938964844,33.349998474121094,32.16999816894531,32.900001525878906,28.378114700317383,1128300
2009-12-17,32.66999816894531,32.86000061035156,32.209999084472656,32.349998474121094,27.90370750427246,805900
2009-12-18,32.45000076293945,32.810001373291016,32.099998474121094,32.2400016784668,27.808834075927734,866100
2009-12-21,32.25,33.040000915527344,31.940000534057617,32.0099983215332,27.61043930053711,1093100
2009-12-22,31.979999542236328,32.33000183105469,31.940000534057617,32.0,27.601818084716797,662700
2009-12-23,32.369998931884766,32.7400016784668,32.02000045776367,32.59000015258789,28.110721588134766,531500
2009-12-24,32.790000915527344,33.08000183105469,32.54999923706055,33.08000183105469,28.533384323120117,352200
2009-12-28,33.08000183105469,33.40999984741211,32.099998474121094,32.540000915527344,28.067596435546875,616500
2009-12-29,32.61000061035156,32.68000030517578,31.950000762939453,32.18000030517578,27.7570743560791,724000
2009-12-30,32.0,32.52000045776367,31.899999618530273,32.33000183105469,27.88646125793457,295000
2009-12-31,32.38999938964844,32.38999938964844,32.0099983215332,32.099998474121094,27.688068389892578,420800
2010-01-04,32.630001068115234,33.5099983215332,32.13999938964844,33.2599983215332,28.688636779785156,1081100
2010-01-05,33.33000183105469,34.099998474121094,33.290000915527344,34.0,29.32693099975586,752100
2010-01-06,34.060001373291016,34.52000045776367,33.880001068115234,34.369998931884766,29.646068572998047,1429400
2010-01-07,34.38999938964844,34.61000061035156,33.93000030517578,34.54999923706055,29.80133628845215,1191400
2010-01-08,34.470001220703125,34.77000045776367,34.15999984741211,34.22999954223633,29.52532196044922,1187300
2010-01-11,34.33000183105469,34.47999954223633,33.79999923706055,34.33000183105469,29.611570358276367,791800
2010-01-12,33.9900016784668,34.0,32.88999938964844,33.08000183105469,28.533384323120117,827000
2010-01-13,33.08000183105469,33.380001068115234,32.2599983215332,33.18000030517578,28.65428352355957,1492800
2010-01-14,33.16999816894531,33.290000915527344,32.45000076293945,33.06999969482422,28.55928611755371,929400
2010-01-15,33.0099983215332,33.0099983215332,32.349998474121094,32.5,28.067033767700195,885600
2010-01-19,32.47999954223633,33.220001220703125,32.36000061035156,33.209999084472656,28.680191040039062,1673400
2010-01-20,32.7599983215332,33.0,32.31999969482422,32.880001068115234,28.39520263671875,1011500
2010-01-21,32.880001068115234,33.08000183105469,32.0,32.150001525878906,27.7647762298584,1454400
2010-01-22,32.150001525878906,32.150001525878906,31.43000030517578,31.760000228881836,27.427968978881836,1620900
2010-01-25,32.04999923706055,32.52000045776367,31.84000015258789,31.950000762939453,27.59204864501953,1278500
2010-01-26,31.559999465942383,32.09000015258789,31.5,32.0,27.635236740112305,1113800
2010-01-27,32.02000045776367,32.38999938964844,31.219999313354492,31.34000015258789,27.06525230407715,1879300
2010-01-28,31.399999618530273,31.5,29.729999542236328,29.889999389648438,25.813032150268555,2380900
2010-01-29,30.1299991607666,30.6200008392334,28.889999389648438,29.100000381469727,25.13079071044922,1931200
2010-02-01,29.3700008392334,30.049999237060547,29.3700008392334,30.049999237060547,25.951208114624023,913600
2010-02-02,29.829999923706055,31.739999771118164,29.829999923706055,31.389999389648438,27.108434677124023,1905800
2010-02-03,31.110000610351562,32.11000061035156,31.110000610351562,31.329999923706055,27.056615829467773,1001600
2010-02-04,30.84000015258789,30.959999084472656,29.75,29.780000686645508,25.718036651611328,1253400
2010-02-05,29.81999969482422,29.959999084472656,28.200000762939453,29.889999389648438,25.813032150268555,2759400
2010-02-08,29.989999771118164,30.440000534057617,29.360000610351562,29.56999969482422,25.536684036254883,1669800
2010-02-09,30.530000686645508,30.56999969482422,28.8799991607666,29.920000076293945,25.83893585205078,3318900
2010-02-10,29.989999771118164,30.15999984741211,29.489999771118164,29.770000457763672,25.709396362304688,1364800
2010-02-11,29.6299991607666,30.299999237060547,29.520000457763672,29.979999542236328,25.890756607055664,1558900
2010-02-12,29.3799991607666,30.030000686645508,28.969999313354492,29.81999969482422,25.752578735351562,1701100
2010-02-16,29.770000457763672,30.309999465942383,29.770000457763672,29.979999542236328,25.890756607055664,1616700
2010-02-17,30.149999618530273,31.030000686645508,29.920000076293945,30.6299991607666,26.452098846435547,4133100
2010-02-18,30.639999389648438,30.829999923706055,30.3700008392334,30.760000228881836,26.56437110900879,1700000
2010-02-19,30.729999542236328,31.049999237060547,30.549999237060547,31.040000915527344,26.80617332458496,1833600
2010-02-22,31.200000762939453,31.350000381469727,30.969999313354492,31.219999313354492,26.961620330810547,1881500
2010-02-23,31.059999465942383,31.1299991607666,30.18000030517578,30.459999084472656,26.30529022216797,2535200
2010-02-24,30.440000534057617,31.049999237060547,30.299999237060547,30.969999313354492,26.74571990966797,1383200
2010-02-25,30.920000076293945,31.229999542236328,30.15999984741211,31.219999313354492,26.961620330810547,1385600
2010-02-26,31.219999313354492,31.40999984741211,30.850000381469727,31.190000534057617,26.93570899963379,1103700
2010-03-01,31.270000457763672,32.279998779296875,31.09000015258789,32.2599983215332,27.85976791381836,1638100
2010-03-02,32.380001068115234,33.81999969482422,32.380001068115234,32.7400016784668,28.2742977142334,4143100
2010-03-03,32.7400016784668,32.900001525878906,32.13999938964844,32.36000061035156,27.946130752563477,2325700
2010-03-04,32.099998474121094,32.27000045776367,30.8799991607666,31.190000534057617,26.93570899963379,3630400
2010-03-05,31.479999542236328,32.130001068115234,31.420000076293945,32.08000183105469,27.704330444335938,1755700
2010-03-08,32.06999969482422,32.4900016784668,31.940000534057617,32.08000183105469,27.704330444335938,847900
2010-03-09,31.950000762939453,32.29999923706055,31.75,32.11000061035156,27.730226516723633,981400
2010-03-10,32.06999969482422,32.599998474121094,31.899999618530273,32.33000183105469,27.920223236083984,779400
2010-03-11,32.08000183105469,32.45000076293945,31.969999313354492,32.45000076293945,28.023849487304688,964700
2010-03-12,32.56999969482422,33.060001373291016,32.56999969482422,32.810001373291016,28.334753036499023,1844400
2010-03-15,34.41999816894531,34.41999816894531,32.279998779296875,32.599998474121094,28.153390884399414,1951400
2010-03-16,32.790000915527344,32.970001220703125,32.56999969482422,32.95000076293945,28.45565414428711,567700
2010-03-17,33.02000045776367,33.529998779296875,32.900001525878906,33.22999954223633,28.697465896606445,1034400
2010-03-18,33.369998931884766,33.369998931884766,32.459999084472656,32.66999816894531,28.213844299316406,1153600
2010-03-19,31.540000915527344,32.72999954223633,31.450000762939453,31.540000915527344,27.237979888916016,1296700
2010-03-22,31.329999923706055,31.950000762939453,30.690000534057617,31.8700008392334,27.522960662841797,1009700
2010-03-23,31.889999389648438,32.18000030517578,31.639999389648438,32.0099983215332,27.64386749267578,893100
2010-03-24,31.719999313354492,32.7400016784668,31.719999313354492,32.650001525878906,28.196571350097656,1224800
2010-03-25,32.900001525878906,33.08000183105469,31.579999923706055,31.6200008392334,27.307064056396484,1384900
2010-03-26,31.68000030517578,32.2400016784668,31.510000228881836,31.770000457763672,27.43661117553711,673100
2010-03-29,31.860000610351562,32.47999954223633,31.780000686645508,32.189998626708984,27.799312591552734,892600
2010-03-30,32.31999969482422,32.849998474121094,32.290000915527344,32.43000030517578,28.006580352783203,890400
2010-03-31,32.209999084472656,32.84000015258789,31.770000457763672,31.850000381469727,27.505695343017578,1890200
2010-04-01,32.27000045776367,32.58000183105469,32.09000015258789,32.459999084472656,28.032489776611328,1173500
2010-04-05,32.43000030517578,33.36000061035156,32.43000030517578,33.22999954223633,28.697465896606445,949200
2010-04-06,33.02000045776367,33.15999984741211,32.45000076293945,33.150001525878906,28.628374099731445,1229500
2010-04-07,33.15999984741211,33.43000030517578,32.720001220703125,32.93000030517578,28.438379287719727,970600
2010-04-08,32.68000030517578,32.970001220703125,32.349998474121094,32.88999938964844,28.40383529663086,1017900
2010-04-09,33.060001373291016,33.599998474121094,32.72999954223633,33.459999084472656,28.896085739135742,882100
2010-04-12,33.52000045776367,33.68000030517578,33.279998779296875,33.58000183105469,28.999719619750977,1162000
2010-04-13,33.290000915527344,33.529998779296875,33.22999954223633,33.5,28.965131759643555,733700
2010-04-14,33.709999084472656,34.5,33.540000915527344,34.47999954223633,29.812471389770508,1528600
2010-04-15,34.20000076293945,34.720001220703125,33.91999816894531,34.29999923706055,29.656843185424805,1351500
2010-04-16,34.040000915527344,34.33000183105469,33.47999954223633,33.900001525878906,29.31098747253418,923100
2010-04-19,33.84000015258789,33.84000015258789,32.5,33.15999984741211,28.671167373657227,1617300
2010-04-20,33.4900016784668,33.7599983215332,33.31999969482422,33.61000061035156,29.060253143310547,704700
2010-04-21,33.689998626708984,33.7599983215332,33.04999923706055,33.16999816894531,28.679807662963867,838400
2010-04-22,32.83000183105469,33.15999984741211,32.36000061035156,33.130001068115234,28.645225524902344,954400
2010-04-23,33.349998474121094,34.68000030517578,33.310001373291016,34.349998474121094,29.7000789642334,1349900
2010-04-26,34.25,35.22999954223633,34.25,34.86000061035156,30.141035079956055,1298400
2010-04-27,34.7400016784668,35.83000183105469,33.25,33.34000015258789,28.826797485351562,3294200
2010-04-28,33.5099983215332,33.810001373291016,31.739999771118164,32.86000061035156,28.411773681640625,3649400
2010-04-29,32.9900016784668,33.849998474121094,32.599998474121094,33.630001068115234,29.077533721923828,1314400
2010-04-30,33.70000076293945,33.7599983215332,31.950000762939453,31.989999771118164,27.659543991088867,1496500
2010-05-03,32.130001068115234,32.54999923706055,31.690000534057617,31.8799991607666,27.564435958862305,1393400
2010-05-04,31.360000610351562,31.3700008392334,29.5,29.649999618530273,25.636310577392578,2588200
2010-05-05,29.399999618530273,29.479999542236328,28.530000686645508,29.030000686645508,25.100234985351562,3934100
2010-05-06,28.950000762939453,29.270000457763672,24.989999771118164,27.479999542236328,23.76006317138672,3201200
2010-05-07,27.190000534057617,28.100000381469727,26.510000228881836,26.770000457763672,23.14617919921875,4042100
2010-05-10,28.649999618530273,29.09000015258789,27.690000534057617,28.440000534057617,24.59010124206543,2071400
2010-05-11,28.100000381469727,29.290000915527344,27.889999389648438,29.040000915527344,25.108882904052734,2951800
2010-05-12,29.350000381469727,30.469999313354492,29.25,30.260000228881836,26.16373062133789,3127000
2010-05-13,30.290000915527344,30.489999771118164,29.799999237060547,29.8799991607666,25.835172653198242,2116100
2010-05-14,29.56999969482422,29.950000762939453,28.829999923706055,29.18000030517578,25.22993278503418,3505200
2010-05-17,29.469999313354492,29.700000762939453,27.90999984741211,28.770000457763672,24.87543296813965,3339200
2010-05-18,29.09000015258789,29.559999465942383,28.049999237060547,28.100000381469727,24.296133041381836,2013000
2010-05-19,27.719999313354492,28.040000915527344,26.860000610351562,27.959999084472656,24.175081253051758,2313800
2010-05-20,27.190000534057617,27.309999465942383,25.920000076293945,26.459999084472656,22.878137588500977,3687800
2010-05-21,25.889999389648438,27.850000381469727,25.690000534057617,27.510000228881836,23.785995483398438,3000000
2010-05-24,27.209999084472656,28.0,26.850000381469727,26.860000610351562,23.223981857299805,2245900
2010-05-25,25.8799991607666,27.6200008392334,25.610000610351562,27.530000686645508,23.803287506103516,2841300
2010-05-26,27.950000762939453,28.31999969482422,27.329999923706055,27.43000030517578,23.71682357788086,1589400
2010-05-27,28.219999313354492,29.31999969482422,28.06999969482422,29.309999465942383,25.34233856201172,1204500
2010-05-28,29.299999237060547,29.329999923706055,28.420000076293945,28.670000076293945,24.78897476196289,1206800
2010-06-01,28.3700008392334,28.93000030517578,27.40999984741211,27.40999984741211,23.699533462524414,1620400
2010-06-02,27.81999969482422,28.670000076293945,27.309999465942383,28.670000076293945,24.78897476196289,1256700
2010-06-03,28.81999969482422,29.020000457763672,27.90999984741211,28.520000457763672,24.65927505493164,1264500
2010-06-04,27.56999969482422,28.06999969482422,27.329999923706055,27.43000030517578,23.71682357788086,2121700
2010-06-07,27.690000534057617,27.770000457763672,26.139999389648438,26.149999618530273,22.61009979248047,1955500
2010-06-08,26.149999618530273,26.700000762939453,25.40999984741211,26.030000686645508,22.50634765625,2797100
2010-06-09,26.360000610351562,27.1200008392334,26.010000228881836,26.170000076293945,22.627395629882812,2015000
2010-06-10,26.8799991607666,27.889999389648438,26.610000610351562,27.8799991607666,24.105913162231445,1968700
2010-06-11,27.389999389648438,27.989999771118164,27.3700008392334,27.979999542236328,24.1923770904541,1086600
2010-06-14,28.459999084472656,28.889999389648438,28.149999618530273,28.260000228881836,24.43447494506836,1940300
2010-06-15,28.56999969482422,29.059999465942383,28.399999618530273,28.84000015258789,24.935955047607422,1294900
2010-06-16,28.6299991607666,28.75,28.18000030517578,28.239999771118164,24.41718101501465,1624100
2010-06-17,28.219999313354492,28.43000030517578,27.350000381469727,27.979999542236328,24.1923770904541,1101400
2010-06-18,28.40999984741211,28.899999618530273,28.360000610351562,28.81999969482422,24.918659210205078,1745000
2010-06-21,29.700000762939453,30.479999542236328,28.6299991607666,28.920000076293945,25.005126953125,2138900
2010-06-22,28.81999969482422,29.350000381469727,28.420000076293945,28.579999923706055,24.711151123046875,1185800
2010-06-23,28.520000457763672,28.579999923706055,27.719999313354492,28.059999465942383,24.261545181274414,888500
2010-06-24,27.729999542236328,27.780000686645508,26.68000030517578,26.770000457763672,23.14617919921875,1620200
2010-06-25,27.059999465942383,27.350000381469727,26.520000457763672,27.020000457763672,23.36233139038086,1476800
2010-06-28,27.149999618530273,27.190000534057617,26.440000534057617,26.459999084472656,22.878137588500977,1871200
2010-06-29,25.93000030517578,25.93000030517578,25.0,25.190000534057617,21.78005599975586,1256800
2010-06-30,25.270000457763672,25.780000686645508,24.84000015258789,24.90999984741211,21.537952423095703,1251700
2010-07-01,24.90999984741211,25.190000534057617,23.600000381469727,24.43000030517578,21.12293815612793,2119700
2010-07-02,24.540000915527344,24.700000762939453,24.059999465942383,24.260000228881836,20.97594451904297,1226700
2010-07-06,24.719999313354492,25.049999237060547,23.469999313354492,23.84000015258789,20.612802505493164,1936900
2010-07-07,24.040000915527344,25.229999542236328,23.860000610351562,25.219999313354492,21.805994033813477,1650300
2010-07-08,25.520000457763672,26.0,25.239999771118164,25.979999542236328,22.463109970092773,1313400
2010-07-09,25.84000015258789,26.469999313354492,25.770000457763672,26.350000381469727,22.783018112182617,1152400
2010-07-12,26.329999923706055,26.75,25.93000030517578,26.43000030517578,22.85219955444336,1351800
2010-07-13,26.829999923706055,27.290000915527344,26.59000015258789,27.1200008392334,23.493236541748047,1610600
2010-07-14,27.219999313354492,27.229999542236328,26.290000915527344,26.5,22.95615005493164,1847100
2010-07-15,26.459999084472656,26.510000228881836,25.549999237060547,26.229999542236328,22.722251892089844,1704000
2010-07-16,25.8799991607666,26.059999465942383,24.860000610351562,25.030000686645508,21.682737350463867,2670000
2010-07-19,25.149999618530273,25.3799991607666,24.81999969482422,25.18000030517578,21.81267738342285,1313600
2010-07-20,24.649999618530273,26.510000228881836,24.610000610351562,26.450000762939453,22.91283416748047,1947700
2010-07-21,26.850000381469727,27.34000015258789,26.6299991607666,27.149999618530273,23.519222259521484,2322000
2010-07-22,27.559999465942383,28.110000610351562,27.43000030517578,28.040000915527344,24.290205001831055,1897300
2010-07-23,27.959999084472656,28.700000762939453,27.84000015258789,28.3700008392334,24.57607078552246,1911900
2010-07-26,28.350000381469727,29.1299991607666,28.260000228881836,29.1299991607666,25.234437942504883,1348800
2010-07-27,29.280000686645508,29.6200008392334,28.18000030517578,29.1299991607666,25.234437942504883,2493300
2010-07-28,28.940000534057617,29.329999923706055,28.229999542236328,28.440000534057617,24.636714935302734,2172200
2010-07-29,28.600000381469727,29.329999923706055,26.93000030517578,27.950000762939453,24.212238311767578,4256800
2010-07-30,27.530000686645508,28.170000076293945,27.3799991607666,28.09000015258789,24.333513259887695,2181000
2010-08-02,28.75,29.65999984741211,28.579999923706055,29.270000457763672,25.3557186126709,1693600
2010-08-03,28.959999084472656,29.15999984741211,28.510000228881836,28.860000610351562,25.000545501708984,816600
2010-08-04,29.030000686645508,29.420000076293945,28.729999542236328,29.309999465942383,25.390369415283203,1055200
2010-08-05,29.059999465942383,29.3799991607666,29.059999465942383,29.350000381469727,25.42502212524414,624600
2010-08-06,29.079999923706055,29.399999618530273,28.399999618530273,29.09000015258789,25.199790954589844,1154900
2010-08-09,29.389999389648438,29.829999923706055,29.360000610351562,29.729999542236328,25.75420379638672,878000
2010-08-10,29.450000762939453,29.469999313354492,28.719999313354492,29.209999084472656,25.303741455078125,1083200
2010-08-11,28.229999542236328,28.3700008392334,27.290000915527344,27.610000610351562,23.917705535888672,1473500
2010-08-12,26.989999771118164,27.700000762939453,26.969999313354492,27.25,23.605852127075195,1383800
2010-08-13,27.100000381469727,27.6200008392334,26.989999771118164,27.420000076293945,23.753114700317383,917900
2010-08-16,27.149999618530273,27.510000228881836,27.06999969482422,27.200000762939453,23.562545776367188,933900
2010-08-17,27.399999618530273,28.770000457763672,27.389999389648438,28.270000457763672,24.489442825317383,1295400
2010-08-18,28.270000457763672,28.329999923706055,27.700000762939453,27.8700008392334,24.142940521240234,1307700
2010-08-19,27.670000076293945,27.860000610351562,26.860000610351562,26.889999389648438,23.293989181518555,1212200
2010-08-20,26.75,26.780000686645508,26.06999969482422,26.270000457763672,22.756906509399414,1491700
2010-08-23,27.059999465942383,27.059999465942383,25.809999465942383,25.950000762939453,22.479700088500977,1183500
2010-08-24,25.510000228881836,25.6200008392334,24.920000076293945,25.0,21.656736373901367,1902300
2010-08-25,24.700000762939453,26.229999542236328,24.690000534057617,26.149999618530273,22.652956008911133,3243500
2010-08-26,26.34000015258789,26.600000381469727,26.040000915527344,26.18000030517578,22.67894744873047,2256100
2010-08-27,26.540000915527344,27.139999389648438,26.059999465942383,27.0,23.389284133911133,1524500
2010-08-30,26.790000915527344,27.229999542236328,26.559999465942383,26.59000015258789,23.034114837646484,857100
2010-08-31,26.5,27.020000457763672,26.309999465942383,26.700000762939453,23.129409790039062,1776500
2010-09-01,27.360000610351562,28.190000534057617,27.329999923706055,28.049999237060547,24.29886817932129,1097500
2010-09-02,28.219999313354492,28.5,28.09000015258789,28.450000762939453,24.64537811279297,818200
2010-09-03,28.889999389648438,29.1200008392334,28.690000534057617,29.0,25.1218204498291,810800
2010-09-07,28.889999389648438,28.920000076293945,27.950000762939453,28.0,24.255556106567383,923200
2010-09-08,27.90999984741211,28.780000686645508,27.889999389648438,28.56999969482422,24.74932289123535,974800
2010-09-09,29.610000610351562,29.860000610351562,28.6299991607666,28.729999542236328,24.8879337310791,1597700
2010-09-10,28.8799991607666,29.260000228881836,28.860000610351562,29.0,25.1218204498291,1243500
2010-09-13,29.719999313354492,30.520000457763672,29.610000610351562,30.510000228881836,26.429889678955078,1659100
2010-09-14,30.489999771118164,31.540000915527344,30.280000686645508,31.5,27.287490844726562,3263200
2010-09-15,31.149999618530273,31.290000915527344,30.670000076293945,31.229999542236328,27.05360221862793,1948000
2010-09-16,31.450000762939453,32.310001373291016,31.239999771118164,32.099998474121094,27.807260513305664,1420400
2010-09-17,32.290000915527344,32.33000183105469,31.600000381469727,31.850000381469727,27.590696334838867,1313100
2010-09-20,31.969999313354492,32.27000045776367,31.639999389648438,31.979999542236328,27.703306198120117,1918800
2010-09-21,31.989999771118164,32.040000915527344,31.350000381469727,31.3700008392334,27.174880981445312,1399600
2010-09-22,31.170000076293945,31.950000762939453,30.84000015258789,31.75,27.504066467285156,1736200
2010-09-23,31.399999618530273,32.04999923706055,31.059999465942383,31.690000534057617,27.452083587646484,1231200
2010-09-24,32.189998626708984,32.97999954223633,32.099998474121094,32.689998626708984,28.318359375,1394800
2010-09-27,32.34000015258789,33.0,32.34000015258789,32.61000061035156,28.24906349182129,1023900
2010-09-28,32.77000045776367,33.0,31.920000076293945,32.939998626708984,28.53492546081543,643700
2010-09-29,32.810001373291016,32.810001373291016,32.279998779296875,32.43000030517578,28.093124389648438,1225200
2010-09-30,32.689998626708984,32.79999923706055,31.940000534057617,32.099998474121094,27.807260513305664,1120300
2010-10-01,32.38999938964844,32.66999816894531,32.029998779296875,32.25,27.937198638916016,1225700
2010-10-04,32.29999923706055,32.400001525878906,31.219999313354492,31.56999969482422,27.3481388092041,1251400
2010-10-05,32.16999816894531,33.119998931884766,31.860000610351562,32.939998626708984,28.53492546081543,1284600
2010-10-06,32.869998931884766,33.45000076293945,32.779998779296875,33.45000076293945,28.976728439331055,1196000
2010-10-07,33.529998779296875,33.59000015258789,32.619998931884766,33.08000183105469,28.656208038330078,2029800
2010-10-08,33.099998474121094,34.279998779296875,32.9900016784668,34.15999984741211,29.59177589416504,1449300
2010-10-11,34.290000915527344,34.45000076293945,33.869998931884766,33.95000076293945,29.409860610961914,675200
2010-10-12,33.83000183105469,34.310001373291016,33.310001373291016,34.2400016784668,29.66107940673828,729800
2010-10-13,34.400001525878906,34.79999923706055,34.0,34.31999969482422,29.77385902404785,817300
2010-10-14,34.380001068115234,34.45000076293945,33.52000045776367,33.93000030517578,29.435510635375977,946000
2010-10-15,34.27000045776367,34.380001068115234,33.16999816894531,34.040000915527344,29.530946731567383,1080500
2010-10-18,34.04999923706055,34.22999954223633,33.84000015258789,34.18000030517578,29.652395248413086,1395100
2010-10-19,33.41999816894531,33.72999954223633,32.45000076293945,32.720001220703125,28.385799407958984,1600200
2010-10-20,32.77000045776367,34.369998931884766,32.63999938964844,33.95000076293945,29.452871322631836,1195400
2010-10-21,34.150001525878906,35.040000915527344,33.869998931884766,34.029998779296875,29.52227020263672,1986500
2010-10-22,34.08000183105469,34.18000030517578,33.40999984741211,33.75,29.279354095458984,935200
2010-10-25,34.33000183105469,35.150001525878906,34.33000183105469,34.970001220703125,30.33775520324707,2115400
2010-10-26,34.88999938964844,36.47999954223633,34.86000061035156,35.63999938964844,30.918989181518555,2759000
2010-10-27,35.33000183105469,36.0,34.93000030517578,35.529998779296875,30.823566436767578,1300000
2010-10-28,35.869998931884766,35.95000076293945,35.18000030517578,35.4900016784668,30.78887176513672,757500
2010-10-29,36.29999923706055,37.029998779296875,35.43000030517578,35.650001525878906,30.927677154541016,2789200
2010-11-01,36.119998931884766,36.349998474121094,35.66999816894531,35.900001525878906,31.144567489624023,1535400
2010-11-02,36.18000030517578,36.86000061035156,36.18000030517578,36.61000061035156,31.760522842407227,1423700
2010-11-03,36.529998779296875,36.93000030517578,36.459999084472656,36.75,31.88197135925293,1343200
2010-11-04,37.380001068115234,38.45000076293945,37.279998779296875,38.33000183105469,33.2526741027832,1786100
2010-11-05,35.02000045776367,39.189998626708984,35.02000045776367,39.06999969482422,33.89464569091797,1672700
2010-11-08,38.79999923706055,39.400001525878906,38.689998626708984,38.869998931884766,33.72114562988281,1293600
2010-11-09,38.7400016784668,38.75,36.720001220703125,36.959999084472656,32.06414031982422,1907500
2010-11-10,36.7400016784668,37.790000915527344,36.33000183105469,37.5,32.532630920410156,1870900
2010-11-11,37.02000045776367,38.08000183105469,37.02000045776367,37.779998779296875,32.775535583496094,2331000
2010-11-12,37.34000015258789,37.470001220703125,36.33000183105469,36.72999954223633,31.8646183013916,1049400
2010-11-15,37.13999938964844,37.66999816894531,36.209999084472656,36.2599983215332,31.456878662109375,924000
2010-11-16,35.93000030517578,35.93000030517578,34.560001373291016,35.06999969482422,30.42451286315918,2162400
2010-11-17,35.18000030517578,35.689998626708984,34.709999084472656,35.2400016784668,30.57198715209961,1499200
2010-11-18,35.869998931884766,37.060001373291016,35.869998931884766,36.81999969482422,31.942689895629883,1190300
2010-11-19,36.77000045776367,37.310001373291016,36.5,37.16999816894531,32.246334075927734,698300
2010-11-22,36.97999954223633,37.540000915527344,36.689998626708984,37.290000915527344,32.350440979003906,1187800
2010-11-23,36.709999084472656,36.709999084472656,35.97999954223633,36.369998931884766,31.552303314208984,974100
2010-11-24,36.79999923706055,37.16999816894531,36.619998931884766,37.16999816894531,32.246334075927734,1139800
2010-11-26,36.720001220703125,36.779998779296875,36.4900016784668,36.5099983215332,31.67375946044922,380300
2010-11-29,36.470001220703125,36.470001220703125,35.7400016784668,36.36000061035156,31.543636322021484,1020900
2010-11-30,35.88999938964844,37.290000915527344,35.68000030517578,37.0,32.09886169433594,1800900
2010-12-01,37.22999954223633,38.61000061035156,37.22999954223633,38.43000030517578,33.33943176269531,1471300
2010-12-02,38.38999938964844,38.93000030517578,37.97999954223633,38.810001373291016,33.66909408569336,1246700
2010-12-03,38.529998779296875,39.59000015258789,38.529998779296875,39.47999954223633,34.25034713745117,1011000
2010-12-06,39.20000076293945,39.56999969482422,39.099998474121094,39.4900016784668,34.2590217590332,1183900
2010-12-07,39.959999084472656,39.9900016784668,38.81999969482422,38.939998626708984,33.7818717956543,1748100
2010-12-08,38.900001525878906,39.43000030517578,38.43000030517578,38.47999954223633,33.3828125,1533900
2010-12-09,38.72999954223633,39.040000915527344,38.220001220703125,38.90999984741211,33.75585174560547,1583900
2010-12-10,39.060001373291016,39.31999969482422,38.86000061035156,39.16999816894531,33.98140335083008,1040100
2010-12-13,40.16999816894531,40.16999816894531,39.25,39.560001373291016,34.319740295410156,1456900
2010-12-14,39.630001068115234,40.70000076293945,39.439998626708984,39.83000183105469,34.55398941040039,1636000
2010-12-15,39.7599983215332,40.31999969482422,39.369998931884766,40.04999923706055,34.74482727050781,1871200
2010-12-16,40.11000061035156,40.650001525878906,39.93000030517578,40.279998779296875,34.94437026977539,1846400
2010-12-17,40.20000076293945,40.599998474121094,40.0,40.5,35.135231018066406,2412800
2010-12-20,40.540000915527344,41.0,40.45000076293945,40.56999969482422,35.195953369140625,1280900
2010-12-21,40.75,41.36000061035156,40.40999984741211,41.150001525878906,35.699127197265625,805700
2010-12-22,41.720001220703125,41.7400016784668,40.75,40.790000915527344,35.386817932128906,994400
2010-12-23,40.86000061035156,40.93000030517578,40.619998931884766,40.81999969482422,35.412845611572266,955800
2010-12-27,40.599998474121094,40.66999816894531,40.34000015258789,40.38999938964844,35.0398063659668,905600
2010-12-28,40.38999938964844,40.45000076293945,40.119998931884766,40.27000045776367,34.935699462890625,911900
2010-12-29,40.43000030517578,41.0,40.36000061035156,40.84000015258789,35.430198669433594,632300
2010-12-30,40.75,41.279998779296875,40.65999984741211,41.040000915527344,35.603694915771484,509400
2010-12-31,40.970001220703125,41.22999954223633,40.970001220703125,41.16999816894531,35.71647644042969,565100
2011-01-03,41.75,42.93000030517578,41.59000015258789,42.279998779296875,36.679447174072266,1807200
2011-01-04,42.43000030517578,42.86000061035156,41.33000183105469,41.70000076293945,36.1762809753418,1962600
2011-01-05,41.5099983215332,42.2400016784668,41.400001525878906,41.709999084472656,36.18495559692383,1466900
2011-01-06,41.9900016784668,42.349998474121094,41.47999954223633,42.209999084472656,36.61872482299805,1316600
2011-01-07,42.560001373291016,42.70000076293945,41.7400016784668,42.29999923706055,36.69679260253906,1446400
2011-01-10,42.310001373291016,42.9900016784668,41.689998626708984,42.849998474121094,37.173946380615234,1101700
2011-01-11,42.959999084472656,43.58000183105469,42.540000915527344,42.77000045776367,37.10453796386719,1497900
2011-01-12,43.15999984741211,43.75,43.15999984741211,43.560001373291016,37.78990173339844,987800
2011-01-13,43.61000061035156,43.7599983215332,43.099998474121094,43.189998626708984,37.511959075927734,909500
2011-01-14,43.209999084472656,43.41999816894531,42.70000076293945,43.18000030517578,37.503273010253906,910500
2011-01-18,43.29999923706055,44.0,43.290000915527344,43.869998931884766,38.10256576538086,1561000
2011-01-19,43.58000183105469,43.810001373291016,42.65999984741211,42.720001220703125,37.103755950927734,1424600
2011-01-20,41.790000915527344,42.060001373291016,40.7400016784668,40.77000045776367,35.41011428833008,2909300
2011-01-21,41.279998779296875,41.56999969482422,40.689998626708984,40.75,35.39273452758789,1316200
2011-01-24,40.849998474121094,41.31999969482422,40.599998474121094,40.7599983215332,35.40142059326172,1614600
2011-01-25,41.15999984741211,41.15999984741211,39.61000061035156,40.439998626708984,35.12350082397461,1917900
2011-01-26,40.63999938964844,41.599998474121094,40.47999954223633,41.02000045776367,35.62725067138672,2052400
2011-01-27,41.0,41.20000076293945,40.369998931884766,41.11000061035156,35.70541000366211,1667300
2011-01-28,41.349998474121094,41.709999084472656,40.20000076293945,40.36000061035156,35.05400466918945,1588300
2011-01-31,40.47999954223633,41.7400016784668,40.47999954223633,41.4900016784668,36.03546905517578,1685800
2011-02-01,42.25,43.5,42.02000045776367,43.09000015258789,37.425113677978516,3223800
2011-02-02,43.29999923706055,44.45000076293945,43.0,43.959999084472656,38.18072509765625,2370000
2011-02-03,43.70000076293945,43.91999816894531,42.779998779296875,43.02000045776367,37.364315032958984,1880100
2011-02-04,43.130001068115234,43.27000045776367,42.66999816894531,42.93000030517578,37.28615188598633,987300
2011-02-07,43.029998779296875,43.79999923706055,43.029998779296875,43.25,37.56407928466797,811800
2011-02-08,43.290000915527344,44.31999969482422,43.06999969482422,44.2599983215332,38.441287994384766,1157500
2011-02-09,44.0099983215332,44.029998779296875,42.9900016784668,43.29999923706055,37.607505798339844,929500
2011-02-10,43.029998779296875,43.790000915527344,42.79999923706055,43.66999816894531,37.92884826660156,1114300
2011-02-11,43.5,44.08000183105469,43.150001525878906,43.79999923706055,38.04176330566406,728800
2011-02-14,43.869998931884766,44.279998779296875,43.560001373291016,43.97999954223633,38.198089599609375,515500
2011-02-15,43.84000015258789,43.97999954223633,43.11000061035156,43.279998779296875,37.59013748168945,775000
2011-02-16,43.720001220703125,44.18000030517578,43.290000915527344,43.70000076293945,37.95491409301758,1095000
2011-02-17,43.529998779296875,45.41999816894531,43.52000045776367,44.970001220703125,39.057952880859375,1329200
2011-02-18,44.88999938964844,45.33000183105469,43.540000915527344,44.16999816894531,38.363128662109375,1351600
2011-02-22,43.599998474121094,43.630001068115234,41.06999969482422,41.2599983215332,35.8357048034668,1336800
2011-02-23,41.150001525878906,41.2599983215332,39.27000045776367,40.61000061035156,35.271141052246094,2311400
2011-02-24,40.58000183105469,40.68000030517578,39.06999969482422,39.77000045776367,34.54158401489258,2150300
2011-02-25,40.13999938964844,41.16999816894531,40.08000183105469,41.02000045776367,35.62725067138672,1366900
2011-02-28,41.779998779296875,42.54999923706055,40.939998626708984,41.45000076293945,36.0007209777832,1342400
2011-03-01,43.310001373291016,43.630001068115234,40.65999984741211,40.81999969482422,35.45353698730469,1905700
2011-03-02,40.540000915527344,41.060001373291016,40.2400016784668,40.959999084472656,35.575138092041016,2017000
2011-03-03,41.560001373291016,42.439998626708984,41.29999923706055,42.33000183105469,36.7650146484375,1850700
2011-03-04,42.20000076293945,42.290000915527344,41.22999954223633,41.72999954223633,36.24390411376953,961400
2011-03-07,42.040000915527344,42.380001068115234,40.83000183105469,41.349998474121094,35.913856506347656,1257400
2011-03-08,41.470001220703125,42.150001525878906,40.61000061035156,41.75,36.26127624511719,1051500
2011-03-09,41.65999984741211,41.65999984741211,40.279998779296875,40.470001220703125,35.14954376220703,1584600
2011-03-10,39.97999954223633,39.97999954223633,38.959999084472656,39.0099983215332,33.881507873535156,2203800
2011-03-11,38.63999938964844,40.459999084472656,38.36000061035156,40.0099983215332,34.750030517578125,1410600
2011-03-14,39.720001220703125,40.970001220703125,39.720001220703125,40.18000030517578,34.897666931152344,1228900
2011-03-15,38.720001220703125,40.290000915527344,38.470001220703125,39.97999954223633,34.72397994995117,1981000
2011-03-16,40.41999816894531,40.5099983215332,38.630001068115234,38.849998474121094,33.74251174926758,1773300
2011-03-17,40.560001373291016,40.560001373291016,39.33000183105469,39.41999816894531,34.23758316040039,1757000
2011-03-18,40.119998931884766,40.36000061035156,39.709999084472656,39.849998474121094,34.61105728149414,1239800
2011-03-21,40.59000015258789,41.150001525878906,40.22999954223633,40.810001373291016,35.444854736328125,1093300
2011-03-22,41.90999984741211,42.33000183105469,40.380001068115234,40.439998626708984,35.12350082397461,2547600
2011-03-23,40.47999954223633,41.59000015258789,39.970001220703125,41.220001220703125,35.80095291137695,1569000
2011-03-24,41.650001525878906,42.7599983215332,41.38999938964844,42.619998931884766,37.016902923583984,1958200
2011-03-25,42.66999816894531,43.7599983215332,42.5099983215332,43.08000183105469,37.416419982910156,1644100
2011-03-28,43.2599983215332,43.81999969482422,42.849998474121094,43.0,37.34694290161133,1906300
2011-03-29,42.95000076293945,43.7599983215332,42.81999969482422,43.72999954223633,37.98098373413086,1110800
2011-03-30,44.22999954223633,44.52000045776367,43.52000045776367,44.369998931884766,38.536834716796875,1683200
2011-03-31,44.18000030517578,44.83000183105469,43.560001373291016,44.369998931884766,38.536834716796875,987500
2011-04-01,44.81999969482422,44.9900016784668,44.0,44.459999084472656,38.61499786376953,1241300
2011-04-04,44.709999084472656,46.33000183105469,44.470001220703125,45.90999984741211,39.87437057495117,2445600
2011-04-05,45.79999923706055,47.09000015258789,45.52000045776367,46.470001220703125,40.36075973510742,2031800
2011-04-06,46.7400016784668,46.880001068115234,45.689998626708984,46.25,40.169677734375,1230100
2011-04-07,46.09000015258789,46.86000061035156,45.619998931884766,46.439998626708984,40.334693908691406,1277700
2011-04-08,46.5099983215332,47.150001525878906,45.779998779296875,46.18000030517578,40.10887908935547,950200
2011-04-11,46.09000015258789,46.279998779296875,44.95000076293945,45.36000061035156,39.39668655395508,1153800
2011-04-12,44.72999954223633,45.029998779296875,43.70000076293945,44.16999816894531,38.363128662109375,2133600
2011-04-13,44.459999084472656,44.709999084472656,43.849998474121094,44.599998474121094,38.736602783203125,1378800
2011-04-14,44.0099983215332,44.72999954223633,43.939998626708984,44.529998779296875,38.719200134277344,1041400
2011-04-15,44.70000076293945,45.45000076293945,44.38999938964844,45.290000915527344,39.380043029785156,1723100
2011-04-18,44.09000015258789,44.86000061035156,42.95000076293945,44.81999969482422,38.971370697021484,3083400
2011-04-19,44.86000061035156,45.81999969482422,44.79999923706055,45.790000915527344,39.81478500366211,1258300
2011-04-20,46.880001068115234,48.08000183105469,46.65999984741211,47.11000061035156,40.962528228759766,2656900
2011-04-21,47.52000045776367,48.45000076293945,47.279998779296875,48.45000076293945,42.127681732177734,1253800
2011-04-25,48.63999938964844,48.779998779296875,47.43000030517578,48.349998474121094,42.04073715209961,1290700
2011-04-26,49.529998779296875,51.0,49.119998931884766,49.43000030517578,42.979801177978516,2400000
2011-04-27,49.5,49.5,47.95000076293945,49.29999923706055,42.86676788330078,1269200
2011-04-28,49.209999084472656,49.7599983215332,48.810001373291016,49.470001220703125,43.01457595825195,1087200
2011-04-29,49.599998474121094,50.099998474121094,49.45000076293945,49.91999816894531,43.405845642089844,737000
2011-05-02,50.189998626708984,50.5099983215332,49.369998931884766,49.529998779296875,43.066749572753906,763200
2011-05-03,49.41999816894531,49.58000183105469,47.7599983215332,48.16999816894531,41.88420867919922,1526400
2011-05-04,48.040000915527344,48.2599983215332,46.560001373291016,47.119998931884766,40.97122573852539,1887900
2011-05-05,47.56999969482422,49.5,46.880001068115234,48.630001068115234,42.28419494628906,3406800
2011-05-06,49.709999084472656,50.2400016784668,47.970001220703125,48.599998474121094,42.25811004638672,1686100
2011-05-09,48.709999084472656,49.9900016784668,48.689998626708984,49.90999984741211,43.39716339111328,2591400
2011-05-10,51.209999084472656,52.91999816894531,50.59000015258789,52.08000183105469,45.28398895263672,4848000
2011-05-11,52.40999984741211,52.470001220703125,50.15999984741211,50.63999938964844,44.03190231323242,2543500
2011-05-12,50.45000076293945,51.689998626708984,49.25,51.209999084472656,44.527530670166016,3189400
2011-05-13,51.119998931884766,51.849998474121094,50.27000045776367,51.630001068115234,44.89272689819336,3528100
2011-05-16,51.40999984741211,52.22999954223633,49.7400016784668,50.029998779296875,43.501487731933594,3182700
2011-05-17,49.810001373291016,50.040000915527344,48.04999923706055,49.130001068115234,42.71894454956055,2915500
2011-05-18,49.279998779296875,50.86000061035156,48.93000030517578,50.43000030517578,43.84930419921875,2098700
2011-05-19,50.880001068115234,51.400001525878906,50.08000183105469,50.619998931884766,44.0145263671875,1288700
2011-05-20,50.369998931884766,50.68000030517578,49.52000045776367,50.22999954223633,43.67539978027344,1563800
2011-05-23,49.220001220703125,49.45000076293945,48.15999984741211,48.29999923706055,41.99724578857422,2454700
2011-05-24,48.599998474121094,49.09000015258789,47.93000030517578,48.5,42.171165466308594,1789800
2011-05-25,48.029998779296875,49.68000030517578,48.0,49.290000915527344,42.858055114746094,1707300
2011-05-26,48.91999816894531,49.5099983215332,48.68000030517578,49.470001220703125,43.01457595825195,2265900
2011-05-27,49.58000183105469,51.0099983215332,49.58000183105469,50.91999816894531,44.27537155151367,1454200
2011-05-31,51.79999923706055,52.20000076293945,51.380001068115234,52.09000015258789,45.292701721191406,2632700
2011-06-01,51.91999816894531,52.33000183105469,49.77000045776367,49.900001525878906,43.38846206665039,2109200
2011-06-02,49.9900016784668,50.7599983215332,49.22999954223633,49.849998474121094,43.34498977661133,2029100
2011-06-03,48.880001068115234,49.47999954223633,48.27000045776367,48.369998931884766,42.05812072753906,2789000
2011-06-06,48.43000030517578,49.099998474121094,47.75,47.84000015258789,41.59727478027344,2483500
2011-06-07,48.220001220703125,48.619998931884766,47.7400016784668,47.95000076293945,41.69292068481445,1609600
2011-06-08,47.66999816894531,47.75,46.630001068115234,46.959999084472656,40.83210754394531,2437900
2011-06-09,46.91999816894531,47.77000045776367,46.790000915527344,47.470001220703125,41.275569915771484,1291800
2011-06-10,47.25,47.63999938964844,46.25,46.650001525878906,40.562564849853516,1420000
2011-06-13,46.08000183105469,47.29999923706055,45.79999923706055,46.880001068115234,40.762550354003906,2497000
2011-06-14,47.72999954223633,48.529998779296875,47.68000030517578,48.0099983215332,41.74509811401367,1672500
2011-06-15,47.279998779296875,49.43000030517578,47.15999984741211,48.709999084472656,42.353755950927734,4575700
2011-06-16,48.689998626708984,49.5099983215332,46.540000915527344,47.779998779296875,41.54511642456055,3429200
2011-06-17,48.31999969482422,48.56999969482422,47.15999984741211,47.560001373291016,41.35380935668945,1619000
2011-06-20,47.56999969482422,49.31999969482422,47.279998779296875,49.15999984741211,42.745025634765625,1691600
2011-06-21,49.52000045776367,51.130001068115234,49.52000045776367,50.900001525878906,44.25798416137695,1826100
2011-06-22,50.88999938964844,51.58000183105469,50.380001068115234,50.43000030517578,43.84930419921875,1752600
2011-06-23,49.70000076293945,51.15999984741211,48.58000183105469,51.130001068115234,44.45797348022461,2559000
2011-06-24,51.400001525878906,51.630001068115234,50.29999923706055,50.5099983215332,43.91886901855469,2055500
2011-06-27,50.41999816894531,50.68000030517578,49.65999984741211,50.36000061035156,43.7884407043457,1314000
2011-06-28,50.869998931884766,52.099998474121094,50.529998779296875,52.060001373291016,45.2666130065918,2008900
2011-06-29,52.27000045776367,53.540000915527344,51.84000015258789,52.59000015258789,45.72744369506836,1547000
2011-06-30,52.61000061035156,53.880001068115234,52.33000183105469,53.310001373291016,46.35348892211914,1971500
2011-07-01,52.599998474121094,54.099998474121094,52.599998474121094,54.0,46.95344924926758,1574000
2011-07-05,54.040000915527344,55.099998474121094,54.040000915527344,54.83000183105469,47.675148010253906,1058400
2011-07-06,54.4900016784668,54.91999816894531,53.720001220703125,54.75,47.60557556152344,920300
2011-07-07,55.130001068115234,56.650001525878906,55.130001068115234,55.529998779296875,48.28379821777344,1862900
2011-07-08,54.61000061035156,54.650001525878906,53.56999969482422,54.61000061035156,47.48385238647461,1804800
2011-07-11,53.81999969482422,53.91999816894531,52.72999954223633,53.08000183105469,46.153507232666016,1042700
2011-07-12,52.880001068115234,53.95000076293945,52.75,53.040000915527344,46.11872100830078,1039300
2011-07-13,53.150001525878906,54.599998474121094,53.150001525878906,53.84000015258789,46.8143424987793,1573600
2011-07-14,53.9900016784668,54.58000183105469,52.970001220703125,53.22999954223633,46.335567474365234,930900
2011-07-15,53.619998931884766,53.619998931884766,52.75,53.61000061035156,46.66635513305664,634900
2011-07-18,53.2400016784668,53.599998474121094,52.34000015258789,52.810001373291016,45.969966888427734,973100
2011-07-19,53.25,54.25,53.220001220703125,54.15999984741211,47.145118713378906,1332500
2011-07-20,54.56999969482422,54.709999084472656,53.720001220703125,54.619998931884766,47.54552459716797,2353900
2011-07-21,55.7400016784668,58.68000030517578,54.13999938964844,57.65999984741211,50.19178009033203,3824300
2011-07-22,58.06999969482422,58.06999969482422,56.88999938964844,57.599998474121094,50.13954544067383,1780600
2011-07-25,56.459999084472656,57.63999938964844,56.18000030517578,57.15999984741211,49.75654602050781,1829600
2011-07-26,57.0,57.290000915527344,56.45000076293945,56.56999969482422,49.24296188354492,1270100
2011-07-27,56.20000076293945,56.779998779296875,53.90999984741211,54.369998931884766,47.327911376953125,2160500
2011-07-28,54.65999984741211,55.970001220703125,54.369998931884766,54.77000045776367,47.67610168457031,1702800
2011-07-29,53.72999954223633,55.630001068115234,53.04999923706055,55.130001068115234,47.989463806152344,1842200
2011-08-01,56.33000183105469,56.939998626708984,54.15999984741211,54.599998474121094,47.52812957763672,1813800
2011-08-02,54.09000015258789,54.45000076293945,50.790000915527344,50.83000183105469,44.24640655517578,3142300
2011-08-03,50.9900016784668,51.25,46.68000030517578,49.20000076293945,42.827545166015625,5340800
2011-08-04,48.619998931884766,48.619998931884766,44.970001220703125,45.0,39.171539306640625,4501900
2011-08-05,45.97999954223633,46.0,42.70000076293945,43.810001373291016,38.13566589355469,4586600
2011-08-08,41.47999954223633,42.209999084472656,37.040000915527344,37.939998626708984,33.02595138549805,4735000
2011-08-09,41.189998626708984,42.119998931884766,38.90999984741211,41.869998931884766,36.44693374633789,3707900
2011-08-10,39.869998931884766,41.77000045776367,38.77000045776367,39.560001373291016,34.43612289428711,2809700
2011-08-11,39.9900016784668,42.83000183105469,39.79999923706055,42.040000915527344,36.59492492675781,3283100
2011-08-12,42.36000061035156,44.189998626708984,42.18000030517578,43.790000915527344,38.118255615234375,3047200
2011-08-15,44.560001373291016,45.380001068115234,44.43000030517578,45.36000061035156,39.48490905761719,2871100
2011-08-16,44.36000061035156,45.31999969482422,43.369998931884766,43.7400016784668,38.07472229003906,2724700
2011-08-17,44.04999923706055,44.93000030517578,42.83000183105469,43.0,37.430580139160156,2592000
2011-08-18,40.88999938964844,40.970001220703125,38.61000061035156,39.310001373291016,34.2184944152832,3311600
2011-08-19,38.47999954223633,40.349998474121094,38.33000183105469,38.470001220703125,33.48731231689453,1975900
2011-08-22,39.81999969482422,40.0099983215332,37.619998931884766,37.79999923706055,32.90409469604492,2036100
2011-08-23,38.02000045776367,40.29999923706055,37.47999954223633,40.290000915527344,35.071571350097656,2599100
2011-08-24,40.150001525878906,41.70000076293945,39.900001525878906,41.59000015258789,36.203189849853516,2404600
2011-08-25,42.150001525878906,42.470001220703125,40.95000076293945,41.15999984741211,35.828895568847656,1620100
2011-08-26,40.66999816894531,43.849998474121094,40.25,43.83000183105469,38.153072357177734,2654100
2011-08-29,44.189998626708984,45.59000015258789,43.95000076293945,45.54999923706055,39.650306701660156,1875000
2011-08-30,45.2400016784668,46.349998474121094,45.099998474121094,46.040000915527344,40.07682800292969,1261400
2011-08-31,46.70000076293945,47.849998474121094,46.45000076293945,47.0099983215332,40.92118835449219,3050700
2011-09-01,47.9900016784668,48.0,46.29999923706055,46.41999816894531,40.407615661621094,3037500
2011-09-02,44.959999084472656,45.040000915527344,43.45000076293945,43.970001220703125,38.27493667602539,2316400
2011-09-06,42.290000915527344,42.540000915527344,40.279998779296875,41.66999816894531,36.2728271484375,4721900
2011-09-07,42.560001373291016,43.65999984741211,42.25,43.61000061035156,37.96156311035156,2355000
2011-09-08,43.06999969482422,43.86000061035156,42.25,42.849998474121094,37.29999923706055,1845300
2011-09-09,42.060001373291016,42.45000076293945,40.400001525878906,40.7400016784668,35.46329116821289,2385600
2011-09-12,39.90999984741211,41.47999954223633,39.86000061035156,40.91999816894531,35.6199836730957,1510100
2011-09-13,40.95000076293945,43.130001068115234,40.95000076293945,42.810001373291016,37.26518630981445,1852400
2011-09-14,43.150001525878906,43.90999984741211,41.900001525878906,43.31999969482422,37.70913314819336,1818400
2011-09-15,43.900001525878906,44.58000183105469,43.04999923706055,44.310001373291016,38.5709114074707,1468100
2011-09-16,44.31999969482422,44.4900016784668,43.650001525878906,44.08000183105469,38.37069320678711,1338400
2011-09-19,42.95000076293945,43.88999938964844,42.380001068115234,43.45000076293945,37.822288513183594,1343200
2011-09-20,43.619998931884766,43.88999938964844,42.54999923706055,43.189998626708984,37.59596252441406,1894700
2011-09-21,43.040000915527344,43.040000915527344,38.810001373291016,38.869998931884766,33.83549499511719,2852400
2011-09-22,37.029998779296875,37.369998931884766,34.27000045776367,35.599998474121094,30.989025115966797,5121000
2011-09-23,35.540000915527344,37.16999816894531,35.27000045776367,36.119998931884766,31.441686630249023,2347300
2011-09-26,36.459999084472656,38.08000183105469,35.63999938964844,38.0,33.07817077636719,1943200
2011-09-27,39.36000061035156,41.15999984741211,39.08000183105469,39.40999984741211,34.30556106567383,2560800
2011-09-28,39.40999984741211,39.70000076293945,36.189998626708984,36.38999938964844,31.676715850830078,2724600
2011-09-29,37.869998931884766,38.45000076293945,35.630001068115234,35.880001068115234,31.232776641845703,3984100
2011-09-30,34.9900016784668,35.0,32.4900016784668,32.529998779296875,28.316669464111328,6062900
2011-10-03,32.04999923706055,33.45000076293945,31.559999465942383,31.610000610351562,27.51582145690918,2698000
2011-10-04,31.110000610351562,31.829999923706055,29.43000030517578,31.489999771118164,27.411365509033203,4700000
2011-10-05,31.59000015258789,33.959999084472656,31.170000076293945,33.720001220703125,29.3525333404541,2710400
2011-10-06,33.720001220703125,36.95000076293945,33.5099983215332,36.81999969482422,32.05101013183594,3765400
2011-10-07,37.220001220703125,38.09000015258789,35.459999084472656,36.06999969482422,31.398155212402344,3215900
2011-10-10,37.040000915527344,38.52000045776367,37.040000915527344,38.13999938964844,33.200042724609375,1686100
2011-10-11,38.2599983215332,38.7599983215332,37.66999816894531,38.150001525878906,33.2087516784668,1280400
2011-10-12,38.70000076293945,40.43000030517578,38.470001220703125,39.650001525878906,34.514469146728516,2187900
2011-10-13,39.369998931884766,39.5099983215332,37.650001525878906,38.619998931884766,33.668827056884766,1898800
2011-10-14,39.560001373291016,41.220001220703125,39.380001068115234,40.849998474121094,35.612937927246094,2418700
2011-10-17,40.560001373291016,40.58000183105469,38.4900016784668,38.599998474121094,33.65138626098633,1499900
2011-10-18,38.7400016784668,40.02000045776367,37.59000015258789,39.380001068115234,34.331398010253906,2926900
2011-10-19,39.06999969482422,39.16999816894531,37.16999816894531,37.27000045776367,32.49190139770508,2207000
2011-10-20,37.439998626708984,37.630001068115234,36.0,37.34000015258789,32.55290985107422,3532500
2011-10-21,38.18000030517578,39.939998626708984,38.18000030517578,39.869998931884766,34.75857162475586,2404600
2011-10-24,40.25,42.33000183105469,40.060001373291016,42.16999816894531,36.76371383666992,3666000
2011-10-25,41.86000061035156,43.470001220703125,39.7400016784668,41.34000015258789,36.04012680053711,4298800
2011-10-26,42.5,42.68000030517578,40.41999816894531,42.2599983215332,36.8421745300293,3023500
2011-10-27,44.56999969482422,45.95000076293945,44.04999923706055,45.45000076293945,39.62320327758789,2753800
2011-10-28,45.0,46.349998474121094,44.61000061035156,46.0,40.10269546508789,1783300
2011-10-31,45.0,45.0099983215332,43.5,43.54999923706055,37.96678924560547,1878000
2011-11-01,40.40999984741211,42.36000061035156,39.81999969482422,41.09000015258789,35.82216262817383,2699600
2011-11-02,42.2400016784668,42.88999938964844,41.2599983215332,42.2599983215332,36.8421745300293,1715100
2011-11-03,43.209999084472656,44.11000061035156,42.27000045776367,43.90999984741211,38.2806396484375,1519600
2011-11-04,43.7400016784668,44.380001068115234,42.79999923706055,43.900001525878906,38.27191925048828,1146700
2011-11-07,43.90999984741211,44.380001068115234,42.84000015258789,43.86000061035156,38.2370491027832,826300
2011-11-08,44.2400016784668,45.11000061035156,43.650001525878906,44.849998474121094,39.10012435913086,1778800
2011-11-09,42.459999084472656,43.72999954223633,42.189998626708984,42.47999954223633,37.03396224975586,1508000
2011-11-10,43.689998626708984,43.7400016784668,42.220001220703125,43.150001525878906,37.618072509765625,1206000
2011-11-11,44.06999969482422,44.380001068115234,43.650001525878906,44.04999923706055,38.40269088745117,2135500
2011-11-14,43.9900016784668,44.31999969482422,43.34000015258789,43.689998626708984,38.08884048461914,1120600
2011-11-15,43.650001525878906,43.939998626708984,42.81999969482422,43.400001525878906,37.83602523803711,918300
2011-11-16,42.709999084472656,43.61000061035156,42.45000076293945,42.709999084472656,37.234474182128906,1788600
2011-11-17,42.709999084472656,42.95000076293945,39.720001220703125,40.18000030517578,35.02881622314453,2346700
2011-11-18,40.70000076293945,41.400001525878906,40.45000076293945,40.83000183105469,35.59550094604492,1605900
2011-11-21,39.72999954223633,41.20000076293945,39.72999954223633,41.189998626708984,35.90934753417969,3781100
2011-11-22,40.91999816894531,41.70000076293945,40.54999923706055,41.400001525878906,36.09242248535156,3101200
2011-11-23,40.959999084472656,41.08000183105469,39.36000061035156,40.040000915527344,34.90678024291992,2835500
2011-11-25,39.72999954223633,40.84000015258789,39.72999954223633,40.470001220703125,35.28165054321289,1208500
2011-11-28,42.209999084472656,43.5099983215332,42.08000183105469,42.79999923706055,37.31293869018555,2292200
2011-11-29,43.0099983215332,43.0099983215332,42.04999923706055,42.560001373291016,37.10370635986328,1867100
2011-11-30,45.779998779296875,47.0,45.47999954223633,46.4900016784668,40.52987289428711,2950900
2011-12-01,46.220001220703125,46.79999923706055,45.41999816894531,46.13999938964844,40.22473907470703,1540800
2011-12-02,46.779998779296875,46.95000076293945,45.43000030517578,45.56999969482422,39.72781753540039,1121000
2011-12-05,46.470001220703125,46.959999084472656,46.0099983215332,46.36000061035156,40.41653823852539,1599500
2011-12-06,46.36000061035156,46.540000915527344,45.34000015258789,46.189998626708984,40.268333435058594,1416800
2011-12-07,45.68000030517578,45.68000030517578,44.52000045776367,45.13999938964844,39.352935791015625,2028300
2011-12-08,44.65999984741211,44.70000076293945,43.060001373291016,43.189998626708984,37.65293884277344,1582300
2011-12-09,42.95000076293945,44.34000015258789,42.560001373291016,44.119998931884766,38.46371841430664,2878900
2011-12-12,43.18000030517578,43.18000030517578,41.97999954223633,42.59000015258789,37.129859924316406,2632900
2011-12-13,43.099998474121094,44.18000030517578,41.939998626708984,42.400001525878906,36.96421813964844,1886800
2011-12-14,42.2599983215332,42.63999938964844,41.619998931884766,42.06999969482422,36.67652893066406,2981500
2011-12-15,42.79999923706055,42.970001220703125,41.4900016784668,41.939998626708984,36.563194274902344,1740200
2011-12-16,42.41999816894531,42.70000076293945,41.709999084472656,42.150001525878906,36.746280670166016,1903400
2011-12-19,42.41999816894531,42.88999938964844,40.75,40.959999084472656,35.708831787109375,887500
2011-12-20,41.849998474121094,43.58000183105469,41.790000915527344,43.380001068115234,37.81858825683594,1182200
2011-12-21,43.13999938964844,43.43000030517578,42.45000076293945,43.27000045776367,37.722686767578125,967600
2011-12-22,43.369998931884766,44.150001525878906,43.279998779296875,43.79999923706055,38.18473434448242,844400
2011-12-23,43.95000076293945,44.349998474121094,43.86000061035156,44.310001373291016,38.62936782836914,667700
2011-12-27,44.189998626708984,44.599998474121094,43.959999084472656,44.5,38.79499053955078,649400
2011-12-28,44.349998474121094,44.599998474121094,43.45000076293945,43.7400016784668,38.13242721557617,1195700
2011-12-29,44.0,44.41999816894531,43.84000015258789,44.40999984741211,38.71653366088867,681800
2011-12-30,44.209999084472656,44.880001068115234,44.15999984741211,44.27000045776367,38.594478607177734,519200
2012-01-03,45.7400016784668,46.4900016784668,45.72999954223633,45.970001220703125,40.07654571533203,1535500
2012-01-04,45.970001220703125,46.79999923706055,45.130001068115234,46.47999954223633,40.52115249633789,1148400
2012-01-05,46.099998474121094,46.099998474121094,44.4900016784668,45.720001220703125,39.85860061645508,1649400
2012-01-06,45.709999084472656,45.709999084472656,44.5099983215332,44.56999969482422,38.856014251708984,1202800
2012-01-09,44.7599983215332,44.91999816894531,43.84000015258789,44.029998779296875,38.3852424621582,1466600
2012-01-10,44.79999923706055,45.75,44.79999923706055,45.75,39.884742736816406,1528800
2012-01-11,45.630001068115234,46.0,45.400001525878906,45.88999938964844,40.00680160522461,981900
2012-01-12,45.939998626708984,47.88999938964844,45.939998626708984,47.189998626708984,41.140132904052734,2670600
2012-01-13,46.79999923706055,46.880001068115234,46.16999816894531,46.470001220703125,40.564022064208984,1584800
2012-01-17,47.25,47.54999923706055,46.45000076293945,46.52000045776367,40.60765075683594,1034900
2012-01-18,46.599998474121094,50.0,45.90999984741211,49.0,42.772464752197266,4023900
2012-01-19,49.43000030517578,49.43000030517578,47.709999084472656,48.79999923706055,42.59788131713867,2434700
2012-01-20,48.560001373291016,48.599998474121094,47.65999984741211,47.86000061035156,41.77734375,1326300
2012-01-23,48.27000045776367,48.27000045776367,47.54999923706055,48.029998779296875,41.92575454711914,1122200
2012-01-24,47.34000015258789,48.09000015258789,46.939998626708984,48.0,41.899566650390625,1124300
2012-01-25,47.849998474121094,49.459999084472656,47.380001068115234,49.040000915527344,42.80738067626953,1266800
2012-01-26,49.41999816894531,49.5099983215332,48.08000183105469,48.2599983215332,42.12651824951172,737800
2012-01-27,48.70000076293945,50.08000183105469,48.59000015258789,49.560001373291016,43.26129913330078,1960400
2012-01-30,48.560001373291016,50.16999816894531,48.560001373291016,49.310001373291016,43.04307174682617,2429300
2012-01-31,49.369998931884766,49.369998931884766,47.4900016784668,48.709999084472656,42.51932907104492,2455700
2012-02-01,49.029998779296875,50.810001373291016,49.0099983215332,50.5,44.08182144165039,2026200
2012-02-02,50.63999938964844,51.189998626708984,50.029998779296875,50.5,44.08182144165039,1596300
2012-02-03,51.189998626708984,51.91999816894531,50.939998626708984,51.15999984741211,44.65795135498047,1445100
2012-02-06,50.849998474121094,52.22999954223633,50.7599983215332,52.220001220703125,45.58322525024414,1267600
2012-02-07,51.939998626708984,52.27000045776367,51.220001220703125,51.63999938964844,45.076942443847656,1683900
2012-02-08,51.529998779296875,51.9900016784668,50.099998474121094,50.77000045776367,44.31751251220703,1451800
2012-02-09,51.650001525878906,52.20000076293945,50.91999816894531,51.38999938964844,44.85871505737305,1348900
2012-02-10,50.54999923706055,50.54999923706055,49.65999984741211,49.9900016784668,43.636653900146484,860500
2012-02-13,50.630001068115234,50.970001220703125,50.11000061035156,50.880001068115234,44.41352844238281,925500
2012-02-14,50.599998474121094,50.689998626708984,49.72999954223633,50.439998626708984,44.02945327758789,989900
2012-02-15,50.58000183105469,50.939998626708984,50.06999969482422,50.36000061035156,43.959625244140625,1140900
2012-02-16,49.939998626708984,52.36000061035156,49.939998626708984,51.790000915527344,45.20787811279297,1640800
2012-02-17,51.939998626708984,52.59000015258789,51.849998474121094,51.93000030517578,45.33009338378906,862500
2012-02-21,52.36000061035156,52.540000915527344,50.9900016784668,51.40999984741211,44.87617111206055,811500
2012-02-22,51.13999938964844,51.290000915527344,49.650001525878906,50.040000915527344,43.680294036865234,1262800
2012-02-23,49.880001068115234,49.91999816894531,47.09000015258789,48.709999084472656,42.51932907104492,3844700
2012-02-24,48.709999084472656,48.90999984741211,48.2400016784668,48.52000045776367,42.35347366333008,1422700
2012-02-27,47.86000061035156,49.04999923706055,47.34000015258789,48.369998931884766,42.2225341796875,1564700
2012-02-28,48.369998931884766,48.97999954223633,48.04999923706055,48.18000030517578,42.056678771972656,1576500
2012-02-29,48.20000076293945,48.72999954223633,47.439998626708984,47.56999969482422,41.524208068847656,1458200
2012-03-01,47.95000076293945,48.54999923706055,47.70000076293945,48.40999984741211,42.2574462890625,1421900
2012-03-02,48.34000015258789,48.880001068115234,47.970001220703125,48.459999084472656,42.30110168457031,846800
2012-03-05,48.20000076293945,48.43000030517578,45.9900016784668,46.459999084472656,40.555274963378906,1638700
2012-03-06,45.529998779296875,45.560001373291016,44.34000015258789,44.84000015258789,39.14117431640625,2375300
2012-03-07,44.959999084472656,45.61000061035156,44.88999938964844,45.349998474121094,39.58634567260742,1259300
2012-03-08,45.81999969482422,46.220001220703125,45.40999984741211,45.86000061035156,40.03153991699219,742200
2012-03-09,45.88999938964844,46.52000045776367,45.720001220703125,46.09000015258789,40.232303619384766,732900
2012-03-12,45.900001525878906,46.34000015258789,45.34000015258789,45.689998626708984,39.883140563964844,800300
2012-03-13,46.06999969482422,47.560001373291016,45.90999984741211,47.540000915527344,41.49803161621094,1745100
2012-03-14,47.34000015258789,47.540000915527344,46.08000183105469,46.45000076293945,40.54656219482422,1206600
2012-03-15,46.599998474121094,47.68000030517578,46.279998779296875,47.470001220703125,41.436920166015625,1224300
2012-03-16,47.650001525878906,48.7400016784668,47.040000915527344,47.33000183105469,41.314720153808594,1129100
2012-03-19,47.209999084472656,47.68000030517578,46.880001068115234,47.27000045776367,41.26233673095703,914800
2012-03-20,46.709999084472656,46.709999084472656,45.56999969482422,45.689998626708984,39.883140563964844,1622300
2012-03-21,45.630001068115234,45.97999954223633,45.130001068115234,45.20000076293945,39.45542907714844,1161500
2012-03-22,44.54999923706055,45.04999923706055,42.25,42.97999954223633,37.51756286621094,3259700
2012-03-23,43.099998474121094,44.540000915527344,42.97999954223633,44.29999923706055,38.6698112487793,3189400
2012-03-26,45.90999984741211,46.040000915527344,45.0099983215332,45.25,39.499061584472656,1856700
2012-03-27,45.25,45.709999084472656,45.099998474121094,45.150001525878906,39.411766052246094,2073600
2012-03-28,45.06999969482422,45.2400016784668,44.310001373291016,44.720001220703125,39.03641891479492,1705000
2012-03-29,44.220001220703125,45.880001068115234,44.040000915527344,45.75,39.935516357421875,2700400
2012-03-30,46.400001525878906,46.880001068115234,45.68000030517578,46.18000030517578,40.31087112426758,1670600
2012-04-02,46.2400016784668,46.9900016784668,45.709999084472656,46.79999923706055,40.85206985473633,1517400
2012-04-03,46.68000030517578,46.84000015258789,45.70000076293945,46.040000915527344,40.188663482666016,1706300
2012-04-04,45.25,45.439998626708984,44.95000076293945,45.15999984741211,39.42049026489258,1964300
2012-04-05,44.75,46.0099983215332,44.75,45.16999816894531,39.429229736328125,1583200
2012-04-09,43.91999816894531,44.58000183105469,43.91999816894531,44.41999816894531,38.77454376220703,1105700
2012-04-10,44.400001525878906,44.81999969482422,43.04999923706055,43.29999923706055,37.79689407348633,1760100
2012-04-11,43.2400016784668,45.040000915527344,43.150001525878906,44.72999954223633,39.04515075683594,2475400
2012-04-12,44.869998931884766,47.27000045776367,44.869998931884766,47.06999969482422,41.0877571105957,2611500
2012-04-13,46.68000030517578,47.150001525878906,46.27000045776367,46.61000061035156,40.7381477355957,2736600
2012-04-16,47.0099983215332,47.150001525878906,45.900001525878906,46.54999923706055,40.685707092285156,2020700
2012-04-17,47.0,47.970001220703125,46.95000076293945,47.970001220703125,41.92680740356445,1546100
2012-04-18,47.599998474121094,48.0,47.040000915527344,47.06999969482422,41.14019775390625,1314700
2012-04-19,47.29999923706055,48.720001220703125,46.900001525878906,48.119998931884766,42.057918548583984,2480800
2012-04-20,48.25,48.4900016784668,47.90999984741211,48.04999923706055,41.996742248535156,1553000
2012-04-23,47.02000045776367,47.369998931884766,46.619998931884766,47.119998931884766,41.18388748168945,2017200
2012-04-24,45.45000076293945,46.869998931884766,44.06999969482422,46.459999084472656,40.607032775878906,5070000
2012-04-25,46.970001220703125,47.63999938964844,46.79999923706055,47.630001068115234,41.62964630126953,1582400
2012-04-26,47.400001525878906,48.540000915527344,47.02000045776367,48.400001525878906,42.30265426635742,1674300
2012-04-27,48.849998474121094,49.79999923706055,48.400001525878906,49.650001525878906,43.395172119140625,2888300
2012-04-30,49.54999923706055,49.59000015258789,48.27000045776367,48.459999084472656,42.3550910949707,1702300
2012-05-01,47.689998626708984,48.83000183105469,47.65999984741211,48.33000183105469,42.241455078125,1516400
2012-05-02,47.9900016784668,48.02000045776367,47.400001525878906,47.66999816894531,41.66462326049805,1908800
2012-05-03,47.790000915527344,47.790000915527344,47.2400016784668,47.439998626708984,41.46358871459961,2265200
2012-05-04,46.939998626708984,46.939998626708984,46.150001525878906,46.36000061035156,40.5196418762207,3296400
2012-05-07,46.13999938964844,46.470001220703125,45.810001373291016,45.83000183105469,40.05642318725586,2712800
2012-05-08,45.5,45.5099983215332,44.189998626708984,45.119998931884766,39.43585205078125,2593600
2012-05-09,44.400001525878906,45.279998779296875,43.619998931884766,44.79999923706055,39.15617370605469,2123000
2012-05-10,45.22999954223633,45.5,44.40999984741211,44.79999923706055,39.15617370605469,1824600
2012-05-11,43.38999938964844,45.119998931884766,43.38999938964844,45.0,39.33098220825195,2563600
2012-05-14,44.25,44.36000061035156,43.66999816894531,43.689998626708984,38.186004638671875,1707500
2012-05-15,43.68000030517578,43.68000030517578,42.75,42.84000015258789,37.44308090209961,2150900
2012-05-16,42.970001220703125,43.849998474121094,41.66999816894531,41.66999816894531,36.420475006103516,1861100
2012-05-17,41.68000030517578,41.90999984741211,40.209999084472656,40.209999084472656,35.1444091796875,1423900
2012-05-18,40.45000076293945,40.720001220703125,39.900001525878906,40.09000015258789,35.039527893066406,1626300
2012-05-21,40.119998931884766,42.16999816894531,40.02000045776367,42.099998474121094,36.79630661010742,1601400
2012-05-22,42.150001525878906,42.380001068115234,40.97999954223633,41.2599983215332,36.06214141845703,1728800
2012-05-23,40.540000915527344,41.349998474121094,39.79999923706055,41.310001373291016,36.10585021972656,1679800
2012-05-24,41.45000076293945,41.5099983215332,40.189998626708984,40.810001373291016,35.668827056884766,1685700
2012-05-25,40.810001373291016,41.06999969482422,40.560001373291016,40.779998779296875,35.642601013183594,763600
2012-05-29,41.459999084472656,42.38999938964844,41.40999984741211,42.209999084472656,36.892459869384766,1335200
2012-05-30,41.349998474121094,41.36000061035156,40.099998474121094,40.29999923706055,35.22307586669922,1471700
2012-05-31,40.290000915527344,40.290000915527344,39.5099983215332,39.810001373291016,34.794803619384766,1934300
2012-06-01,38.470001220703125,38.779998779296875,37.5,37.72999954223633,32.976837158203125,2673700
2012-06-04,37.93000030517578,37.93000030517578,36.209999084472656,37.380001068115234,32.670936584472656,1677100
2012-06-05,37.060001373291016,38.0099983215332,36.91999816894531,38.0,33.21281814575195,1010100
2012-06-06,38.59000015258789,39.599998474121094,38.5,39.099998474121094,34.17424774169922,1717800
2012-06-07,40.15999984741211,40.849998474121094,39.11000061035156,39.22999954223633,34.28786849975586,1553300
2012-06-08,39.0,39.0,38.189998626708984,38.40999984741211,33.57117462158203,1793800
2012-06-11,39.04999923706055,39.15999984741211,37.68000030517578,37.709999084472656,32.959346771240234,1672700
2012-06-12,38.0,38.459999084472656,37.619998931884766,38.2599983215332,33.4400749206543,1561400
2012-06-13,37.91999816894531,38.189998626708984,36.91999816894531,37.220001220703125,32.53108596801758,1210600
2012-06-14,37.290000915527344,37.380001068115234,35.79999923706055,36.540000915527344,31.936748504638672,2732100
2012-06-15,36.810001373291016,38.220001220703125,36.709999084472656,38.130001068115234,33.32645034790039,1555600
2012-06-18,37.900001525878906,38.33000183105469,37.45000076293945,37.9900016784668,33.20408630371094,1437900
2012-06-19,38.540000915527344,39.619998931884766,38.540000915527344,39.06999969482422,34.148014068603516,1312300
2012-06-20,39.119998931884766,39.290000915527344,38.22999954223633,38.4900016784668,33.64109802246094,1283100
2012-06-21,38.45000076293945,38.47999954223633,35.459999084472656,35.540000915527344,31.06273651123047,2595400
2012-06-22,36.0,36.0,34.58000183105469,35.61000061035156,31.123910903930664,2170700
2012-06-25,34.880001068115234,34.95000076293945,34.16999816894531,34.84000015258789,30.450910568237305,1195200
2012-06-26,34.88999938964844,35.290000915527344,34.68000030517578,34.90999984741211,30.512094497680664,1248100
2012-06-27,34.81999969482422,34.959999084472656,34.369998931884766,34.54999923706055,30.19744300842285,1814500
2012-06-28,34.06999969482422,34.31999969482422,33.2400016784668,33.599998474121094,29.36712074279785,2976600
2012-06-29,34.75,34.970001220703125,34.349998474121094,34.619998931884766,30.258630752563477,2165800
2012-07-02,34.63999938964844,34.63999938964844,33.16999816894531,33.540000915527344,29.3146915435791,2461700
2012-07-03,33.61000061035156,34.75,33.599998474121094,34.459999084472656,30.11878776550293,1264200
2012-07-05,34.189998626708984,34.790000915527344,34.130001068115234,34.290000915527344,29.970199584960938,1887300
2012-07-06,33.689998626708984,33.84000015258789,33.380001068115234,33.4900016784668,29.270986557006836,1884600
2012-07-09,33.38999938964844,33.45000076293945,32.79999923706055,33.279998779296875,29.087434768676758,1656800
2012-07-10,34.27000045776367,34.779998779296875,33.380001068115234,33.70000076293945,29.454538345336914,2184300
2012-07-11,33.720001220703125,34.06999969482422,33.540000915527344,33.790000915527344,29.533191680908203,1970800
2012-07-12,33.400001525878906,33.709999084472656,32.77000045776367,33.45000076293945,29.23602294921875,1901400
2012-07-13,33.709999084472656,34.650001525878906,33.4900016784668,34.5,30.153745651245117,1677200
2012-07-16,34.2400016784668,34.40999984741211,33.54999923706055,34.16999816894531,29.86531639099121,1131100
2012-07-17,34.20000076293945,35.02000045776367,34.060001373291016,34.959999084472656,30.55579376220703,1826500
2012-07-18,34.83000183105469,35.58000183105469,34.41999816894531,34.95000076293945,30.54705810546875,1634400
2012-07-19,35.060001373291016,36.93000030517578,35.0,36.83000183105469,32.19021987915039,2629200
2012-07-20,36.41999816894531,36.689998626708984,35.86000061035156,35.939998626708984,31.412336349487305,2362600
2012-07-23,34.81999969482422,35.84000015258789,34.47999954223633,35.52000045776367,31.045244216918945,2303600
2012-07-24,37.68000030517578,39.810001373291016,36.0099983215332,37.560001373291016,32.82825469970703,3646900
2012-07-25,37.529998779296875,37.59000015258789,35.83000183105469,37.0,32.338802337646484,2799600
2012-07-26,37.36000061035156,37.720001220703125,36.68000030517578,37.61000061035156,32.871952056884766,1742600
2012-07-27,38.20000076293945,38.81999969482422,37.849998474121094,38.189998626708984,33.378883361816406,2428000
2012-07-30,37.97999954223633,38.54999923706055,37.83000183105469,38.029998779296875,33.239051818847656,2290500
2012-07-31,38.02000045776367,38.619998931884766,37.77000045776367,38.130001068115234,33.32645034790039,3028800
2012-08-01,38.84000015258789,39.04999923706055,37.849998474121094,37.880001068115234,33.107940673828125,1495000
2012-08-02,37.52000045776367,38.09000015258789,37.0,37.61000061035156,32.93716812133789,1590100
2012-08-03,38.43000030517578,38.459999084472656,37.849998474121094,38.290000915527344,33.532676696777344,1533300
2012-08-06,38.529998779296875,39.06999969482422,38.47999954223633,38.709999084472656,33.9005012512207,1886100
2012-08-07,38.93000030517578,39.790000915527344,38.91999816894531,39.5099983215332,34.60109329223633,2041100
2012-08-08,39.41999816894531,40.529998779296875,39.310001373291016,40.400001525878906,35.380531311035156,1830500
2012-08-09,40.20000076293945,40.560001373291016,39.58000183105469,39.97999954223633,35.012718200683594,1765400
2012-08-10,39.630001068115234,41.119998931884766,39.31999969482422,40.689998626708984,35.634490966796875,2858000
2012-08-13,40.5,40.689998626708984,39.5099983215332,39.7400016784668,34.80251693725586,1230600
2012-08-14,40.09000015258789,40.22999954223633,39.0099983215332,39.099998474121094,34.242042541503906,1090600
2012-08-15,38.560001373291016,40.59000015258789,38.560001373291016,40.5099983215332,35.47685241699219,2326300
2012-08-16,40.40999984741211,41.970001220703125,40.33000183105469,41.529998779296875,36.37013244628906,2552800
2012-08-17,41.65999984741211,41.81999969482422,41.09000015258789,41.290000915527344,36.159950256347656,1446700
2012-08-20,41.09000015258789,41.209999084472656,40.59000015258789,40.880001068115234,35.80089569091797,1382200
2012-08-21,41.0,41.540000915527344,40.59000015258789,40.79999923706055,35.730831146240234,952300
2012-08-22,40.650001525878906,41.060001373291016,40.11000061035156,41.02000045776367,35.92350387573242,1178900
2012-08-23,40.95000076293945,41.400001525878906,40.560001373291016,40.77000045776367,35.70456314086914,821200
2012-08-24,40.47999954223633,40.7400016784668,40.06999969482422,40.31999969482422,35.310455322265625,655700
2012-08-27,40.38999938964844,40.470001220703125,39.720001220703125,39.939998626708984,34.97767639160156,864600
2012-08-28,39.939998626708984,40.060001373291016,39.31999969482422,39.400001525878906,34.5047721862793,1312600
2012-08-29,39.63999938964844,39.66999816894531,38.900001525878906,38.959999084472656,34.11944580078125,1694300
2012-08-30,38.86000061035156,38.86000061035156,37.970001220703125,38.0099983215332,33.28746795654297,1654500
2012-08-31,38.36000061035156,38.61000061035156,37.880001068115234,38.2599983215332,33.50640869140625,1632200
2012-09-04,38.130001068115234,38.13999938964844,37.02000045776367,37.29999923706055,32.665687561035156,1580800
2012-09-05,37.279998779296875,37.810001373291016,37.0099983215332,37.04999923706055,32.446739196777344,1926800
2012-09-06,37.36000061035156,38.66999816894531,37.36000061035156,38.310001373291016,33.550193786621094,1568000
2012-09-07,38.68000030517578,39.849998474121094,38.31999969482422,39.560001373291016,34.64488220214844,1731800
2012-09-10,39.279998779296875,40.380001068115234,39.150001525878906,40.099998474121094,35.1177978515625,1868100
2012-09-11,40.0,40.279998779296875,39.720001220703125,39.779998779296875,34.837554931640625,1581000
2012-09-12,39.880001068115234,40.13999938964844,39.38999938964844,39.5099983215332,34.60109329223633,1089300
2012-09-13,39.349998474121094,41.459999084472656,39.15999984741211,41.25,36.12491989135742,1402900
2012-09-14,41.31999969482422,43.150001525878906,41.31999969482422,42.68000030517578,37.37725067138672,2274700
2012-09-17,42.43000030517578,42.560001373291016,41.33000183105469,41.58000183105469,36.413917541503906,1278100
2012-09-18,41.34000015258789,41.540000915527344,40.970001220703125,41.5,36.343849182128906,937600
2012-09-19,42.09000015258789,43.18000030517578,41.880001068115234,42.68000030517578,37.37725067138672,2497200
2012-09-20,41.54999923706055,42.209999084472656,40.83000183105469,42.029998779296875,36.80800247192383,1476300
2012-09-21,41.290000915527344,42.119998931884766,39.790000915527344,40.0,35.03022766113281,3680800
2012-09-24,39.959999084472656,39.970001220703125,38.560001373291016,38.959999084472656,34.11944580078125,2770500
2012-09-25,39.08000183105469,39.400001525878906,37.7400016784668,37.75,33.05977249145508,1945400
2012-09-26,37.7400016784668,38.459999084472656,37.5,38.20000076293945,33.453861236572266,1408700
2012-09-27,38.529998779296875,38.72999954223633,37.970001220703125,38.20000076293945,33.453861236572266,1947500
2012-09-28,37.939998626708984,38.349998474121094,37.63999938964844,37.90999984741211,33.19989776611328,2817600
2012-10-01,38.209999084472656,38.61000061035156,37.540000915527344,37.720001220703125,33.03350067138672,1510300
2012-10-02,37.86000061035156,38.40999984741211,37.560001373291016,37.9900016784668,33.26995849609375,1389800
2012-10-03,37.880001068115234,38.09000015258789,37.43000030517578,37.59000015258789,32.919654846191406,1499800
2012-10-04,37.79999923706055,37.939998626708984,37.45000076293945,37.70000076293945,33.01598358154297,1195900
2012-10-05,38.08000183105469,38.33000183105469,37.25,37.470001220703125,32.81455993652344,2498300
2012-10-08,37.0,37.119998931884766,36.650001525878906,36.83000183105469,32.25407791137695,2638000
2012-10-09,36.83000183105469,37.209999084472656,36.540000915527344,36.72999954223633,32.166500091552734,1335200
2012-10-10,36.7400016784668,36.7400016784668,35.75,35.90999984741211,31.448379516601562,1598300
2012-10-11,36.40999984741211,36.7400016784668,35.63999938964844,35.650001525878906,31.220687866210938,2993600
2012-10-12,35.52000045776367,35.880001068115234,34.97999954223633,35.310001373291016,30.922935485839844,2929400
2012-10-15,35.439998626708984,35.86000061035156,34.959999084472656,35.84000015258789,31.38707733154297,1668500
2012-10-16,36.04999923706055,37.349998474121094,36.0099983215332,36.97999954223633,32.385433197021484,1744000
2012-10-17,37.09000015258789,38.11000061035156,36.97999954223633,37.97999954223633,33.26120376586914,1566100
2012-10-18,37.7599983215332,38.40999984741211,37.630001068115234,38.209999084472656,33.46262741088867,1354400
2012-10-19,37.869998931884766,38.0,37.189998626708984,37.2599983215332,32.63064193725586,1642900
2012-10-22,37.369998931884766,37.689998626708984,36.9900016784668,37.439998626708984,32.78827667236328,1861800
2012-10-23,36.18000030517578,39.459999084472656,36.18000030517578,38.189998626708984,33.44510269165039,3506900
2012-10-24,38.900001525878906,39.0,38.20000076293945,38.36000061035156,33.5939826965332,2128100
2012-10-25,38.25,38.59000015258789,37.650001525878906,37.9900016784668,33.33513259887695,1046900
2012-10-26,37.880001068115234,38.5099983215332,37.7599983215332,38.380001068115234,33.67734909057617,825000
2012-10-31,38.41999816894531,38.9900016784668,37.689998626708984,37.9900016784668,33.33513259887695,1211500
2012-11-01,38.06999969482422,40.22999954223633,37.959999084472656,40.15999984741211,35.23923873901367,1313800
2012-11-02,40.45000076293945,40.52000045776367,39.11000061035156,39.15999984741211,34.361778259277344,1116100
2012-11-05,39.0,39.650001525878906,39.0,39.599998474121094,34.74786376953125,623200
2012-11-06,39.65999984741211,40.560001373291016,39.470001220703125,40.310001373291016,35.37085723876953,743400
2012-11-07,39.11000061035156,39.7599983215332,38.900001525878906,39.08000183105469,34.29157257080078,1530700
2012-11-08,39.150001525878906,39.369998931884766,37.97999954223633,38.459999084472656,33.7475471496582,1060500
2012-11-09,38.349998474121094,38.90999984741211,38.25,38.5,33.78263854980469,935400
2012-11-12,38.689998626708984,38.849998474121094,38.34000015258789,38.5099983215332,33.791412353515625,887600
2012-11-13,38.2599983215332,39.20000076293945,38.2599983215332,39.150001525878906,34.352996826171875,1314900
2012-11-14,39.08000183105469,39.25,38.7599983215332,38.90999984741211,34.14241027832031,1430600
2012-11-15,38.75,39.189998626708984,38.61000061035156,38.83000183105469,34.072200775146484,1230000
2012-11-16,38.83000183105469,39.08000183105469,38.130001068115234,38.56999969482422,33.84407043457031,1406300
2012-11-19,39.130001068115234,40.02000045776367,39.130001068115234,39.95000076293945,35.05497360229492,1206000
2012-11-20,39.900001525878906,39.900001525878906,38.7599983215332,39.0099983215332,34.230159759521484,1017000
2012-11-21,39.0,39.290000915527344,38.65999984741211,39.18000030517578,34.37931823730469,569300
2012-11-23,39.58000183105469,39.93000030517578,39.279998779296875,39.70000076293945,34.83561325073242,316400
2012-11-26,39.52000045776367,39.79999923706055,39.400001525878906,39.66999816894531,34.80928039550781,605200
2012-11-27,39.5099983215332,40.40999984741211,39.369998931884766,39.41999816894531,34.58990478515625,1407600
2012-11-28,39.099998474121094,39.5,38.880001068115234,39.290000915527344,34.47584915161133,1473100
2012-11-29,39.56999969482422,40.40999984741211,39.150001525878906,40.34000015258789,35.39719009399414,2032200
2012-11-30,40.38999938964844,41.5,40.310001373291016,41.040000915527344,36.011417388916016,2354400
2012-12-03,41.70000076293945,41.9900016784668,40.70000076293945,40.79999923706055,35.80082702636719,1816800
2012-12-04,40.75,41.22999954223633,40.43000030517578,40.9900016784668,35.96754837036133,841500
2012-12-05,41.0,42.29999923706055,41.0,42.0,36.853790283203125,2088800
2012-12-06,42.02000045776367,42.13999938964844,41.40999984741211,41.689998626708984,36.58176803588867,980400
2012-12-07,41.88999938964844,42.2400016784668,41.689998626708984,41.939998626708984,36.801143646240234,1129400
2012-12-10,41.83000183105469,42.58000183105469,41.83000183105469,42.43000030517578,37.231109619140625,690400
2012-12-11,42.65999984741211,43.119998931884766,42.349998474121094,42.66999816894531,37.44169235229492,1523300
2012-12-12,43.08000183105469,43.380001068115234,42.52000045776367,43.029998779296875,37.75758361816406,1481700
2012-12-13,42.880001068115234,43.18000030517578,42.189998626708984,42.470001220703125,37.266204833984375,1105100
2012-12-14,42.72999954223633,43.400001525878906,42.5099983215332,43.279998779296875,37.97695541381836,1214500
2012-12-17,43.27000045776367,43.380001068115234,42.619998931884766,43.0,37.73126220703125,1041300
2012-12-18,42.97999954223633,44.31999969482422,42.880001068115234,44.2599983215332,38.83687210083008,1589100
2012-12-19,44.27000045776367,45.279998779296875,44.2599983215332,45.08000183105469,39.5564079284668,2450500
2012-12-20,45.09000015258789,45.310001373291016,44.630001068115234,45.099998474121094,39.573944091796875,1906100
2012-12-21,44.56999969482422,45.0099983215332,44.400001525878906,44.560001373291016,39.10011672973633,1554200
2012-12-24,44.4900016784668,44.619998931884766,44.0,44.310001373291016,38.880760192871094,359700
2012-12-26,44.459999084472656,44.93000030517578,44.18000030517578,44.22999954223633,38.810550689697266,519300
2012-12-27,44.36000061035156,44.36000061035156,43.060001373291016,43.959999084472656,38.57362747192383,725000
2012-12-28,43.970001220703125,44.0099983215332,43.15999984741211,43.279998779296875,37.97695541381836,560200
2012-12-31,43.209999084472656,44.54999923706055,43.08000183105469,44.529998779296875,39.073787689208984,810600
2013-01-02,45.61000061035156,46.5,45.529998779296875,46.5,40.80241012573242,1636900
2013-01-03,46.5099983215332,46.72999954223633,46.119998931884766,46.43000030517578,40.740989685058594,1396100
2013-01-04,46.380001068115234,47.5099983215332,46.36000061035156,47.5,41.67987060546875,1250900
2013-01-07,47.15999984741211,47.349998474121094,46.31999969482422,46.880001068115234,41.1358528137207,1408200
2013-01-08,46.869998931884766,47.25,46.56999969482422,46.7599983215332,41.03054428100586,918200
2013-01-09,46.9900016784668,47.279998779296875,46.869998931884766,47.209999084472656,41.42539978027344,726400
2013-01-10,47.41999816894531,47.66999816894531,47.150001525878906,47.33000183105469,41.53071594238281,851800
2013-01-11,47.2400016784668,47.27000045776367,46.459999084472656,46.63999938964844,40.92525863647461,1343400
2013-01-14,45.849998474121094,46.33000183105469,45.59000015258789,45.849998474121094,40.2320556640625,1562700
2013-01-15,45.75,46.040000915527344,45.4900016784668,45.83000183105469,40.21451950073242,1251000
2013-01-16,45.720001220703125,46.81999969482422,45.34000015258789,46.75,41.02177047729492,1211600
2013-01-17,47.060001373291016,47.5099983215332,46.70000076293945,47.029998779296875,41.26746368408203,972500
2013-01-18,47.27000045776367,47.27000045776367,46.459999084472656,47.220001220703125,41.43419647216797,746900
2013-01-22,47.380001068115234,47.63999938964844,46.900001525878906,47.369998931884766,41.56580352783203,1001200
2013-01-23,47.220001220703125,47.54999923706055,47.02000045776367,47.369998931884766,41.56580352783203,640100
2013-01-24,47.2599983215332,47.720001220703125,46.869998931884766,47.060001373291016,41.29378890991211,783500
2013-01-25,47.18000030517578,47.279998779296875,46.68000030517578,46.970001220703125,41.214813232421875,2083700
2013-01-28,47.08000183105469,47.150001525878906,45.88999938964844,46.25,40.58304214477539,1909200
2013-01-29,47.939998626708984,48.88999938964844,46.83000183105469,48.08000183105469,42.18881607055664,2528100
2013-01-30,47.22999954223633,47.790000915527344,46.9900016784668,47.20000076293945,41.41664123535156,1432100
2013-01-31,46.869998931884766,47.45000076293945,46.599998474121094,46.880001068115234,41.1358528137207,1078200
2013-02-01,47.119998931884766,47.59000015258789,47.060001373291016,47.369998931884766,41.56580352783203,1022600
2013-02-04,46.88999938964844,47.16999816894531,46.52000045776367,46.529998779296875,40.8287353515625,719700
2013-02-05,46.810001373291016,47.27000045776367,46.810001373291016,47.11000061035156,41.33766174316406,874300
2013-02-06,47.18000030517578,48.880001068115234,46.900001525878906,48.83000183105469,42.8469123840332,1841900
2013-02-07,48.84000015258789,48.900001525878906,47.63999938964844,48.5,42.55735778808594,1154900
2013-02-08,48.52000045776367,49.880001068115234,48.52000045776367,49.5,43.43483352661133,1326000
2013-02-11,49.2400016784668,49.68000030517578,49.060001373291016,49.5,43.43483352661133,935600
2013-02-12,49.43000030517578,49.7599983215332,49.040000915527344,49.13999938964844,43.11893081665039,946200
2013-02-13,49.4900016784668,50.68000030517578,49.41999816894531,50.34000015258789,44.17189025878906,1347700
2013-02-14,49.9900016784668,50.33000183105469,49.79999923706055,50.20000076293945,44.114776611328125,941700
2013-02-15,50.20000076293945,50.650001525878906,49.869998931884766,50.15999984741211,44.07963180541992,1039500
2013-02-19,50.150001525878906,50.45000076293945,48.97999954223633,49.7400016784668,43.710548400878906,1445800
2013-02-20,49.63999938964844,49.72999954223633,47.2400016784668,47.5,41.742061614990234,1380500
2013-02-21,47.119998931884766,47.119998931884766,45.79999923706055,46.31999969482422,40.70511245727539,1732700
2013-02-22,46.54999923706055,47.77000045776367,46.4900016784668,47.54999923706055,41.78600311279297,1208600
2013-02-25,48.02000045776367,48.31999969482422,45.630001068115234,45.65999984741211,40.12511444091797,1508600
2013-02-26,45.93000030517578,46.279998779296875,45.06999969482422,45.86000061035156,40.30086898803711,1829800
2013-02-27,46.040000915527344,47.4900016784668,45.95000076293945,47.15999984741211,41.44328308105469,1028400
2013-02-28,46.959999084472656,47.220001220703125,46.77000045776367,46.849998474121094,41.17085647583008,1576000
2013-03-01,46.68000030517578,46.68000030517578,45.349998474121094,46.209999084472656,40.60845184326172,1506800
2013-03-04,45.97999954223633,46.13999938964844,44.72999954223633,45.68000030517578,40.14268493652344,1490900
2013-03-05,46.09000015258789,46.83000183105469,46.09000015258789,46.38999938964844,40.766624450683594,1052700
2013-03-06,46.720001220703125,46.7400016784668,46.2599983215332,46.41999816894531,40.79298400878906,944500
2013-03-07,46.400001525878906,47.099998474121094,46.380001068115234,46.630001068115234,40.9775276184082,532800
2013-03-08,47.06999969482422,47.4900016784668,46.810001373291016,47.310001373291016,41.575111389160156,728400
2013-03-11,47.189998626708984,47.91999816894531,46.84000015258789,47.880001068115234,42.07600402832031,723500
2013-03-12,47.7599983215332,48.45000076293945,47.560001373291016,48.31999969482422,42.46266555786133,826900
2013-03-13,48.22999954223633,48.2599983215332,47.31999969482422,47.349998474121094,41.61024856567383,1293900
2013-03-14,47.61000061035156,47.61000061035156,46.83000183105469,47.27000045776367,41.539955139160156,1027000
2013-03-15,46.90999984741211,47.7599983215332,46.84000015258789,47.060001373291016,41.35540771484375,1051000
2013-03-18,46.20000076293945,46.43000030517578,45.36000061035156,46.040000915527344,40.45905303955078,1123400
2013-03-19,46.04999923706055,46.20000076293945,44.38999938964844,44.779998779296875,39.35179138183594,1124300
2013-03-20,45.33000183105469,45.619998931884766,44.099998474121094,44.15999984741211,38.80693817138672,1865700
2013-03-21,43.810001373291016,43.959999084472656,43.0,43.11000061035156,37.88422775268555,2395400
2013-03-22,43.31999969482422,43.939998626708984,43.09000015258789,43.209999084472656,37.972103118896484,1746400
2013-03-25,43.36000061035156,43.529998779296875,42.34000015258789,42.43000030517578,37.28666687011719,1856600
2013-03-26,42.689998626708984,42.900001525878906,42.33000183105469,42.869998931884766,37.67332077026367,1352500
2013-03-27,42.439998626708984,43.7400016784668,42.029998779296875,43.540000915527344,38.262088775634766,2173800
2013-03-28,43.31999969482422,44.08000183105469,42.9900016784668,44.04999923706055,38.71028137207031,1341300
2013-04-01,43.83000183105469,44.040000915527344,42.56999969482422,43.02000045776367,37.805137634277344,1572800
2013-04-02,42.939998626708984,44.13999938964844,42.349998474121094,42.459999084472656,37.31301498413086,2081700
2013-04-03,42.45000076293945,42.56999969482422,41.61000061035156,42.040000915527344,36.94394302368164,1372200
2013-04-04,42.13999938964844,43.27000045776367,42.04999923706055,42.709999084472656,37.53271484375,1219500
2013-04-05,41.709999084472656,42.849998474121094,41.54999923706055,42.7599983215332,37.57664489746094,1958900
2013-04-08,42.84000015258789,43.08000183105469,42.290000915527344,43.06999969482422,37.84906768798828,1250500
2013-04-09,43.279998779296875,44.349998474121094,43.029998779296875,43.900001525878906,38.57845687866211,1274100
2013-04-10,44.099998474121094,44.81999969482422,43.38999938964844,44.5099983215332,39.114505767822266,1592000
2013-04-11,44.369998931884766,45.529998779296875,44.099998474121094,44.970001220703125,39.51875305175781,1467900
2013-04-12,44.7599983215332,44.83000183105469,43.29999923706055,43.959999084472656,38.63118362426758,1199900
2013-04-15,43.47999954223633,43.650001525878906,41.75,41.970001220703125,36.882415771484375,1611500
2013-04-16,42.650001525878906,43.689998626708984,42.400001525878906,43.689998626708984,38.393917083740234,1760600
2013-04-17,43.06999969482422,43.25,42.34000015258789,42.36000061035156,37.22514343261719,1329700
2013-04-18,42.689998626708984,42.84000015258789,41.61000061035156,42.22999954223633,37.110904693603516,2515300
2013-04-19,48.18000030517578,49.18000030517578,45.86000061035156,47.099998474121094,41.39056396484375,5684300
2013-04-22,47.119998931884766,49.06999969482422,46.900001525878906,48.77000045776367,42.85811996459961,2530700
2013-04-23,49.13999938964844,49.349998474121094,48.189998626708984,48.650001525878906,42.75267028808594,1706500
2013-04-24,48.75,49.220001220703125,48.5099983215332,48.54999923706055,42.664794921875,1228200
2013-04-25,48.54999923706055,49.0099983215332,48.290000915527344,48.33000183105469,42.47145080566406,1272200
2013-04-26,48.77000045776367,48.77000045776367,47.27000045776367,47.61000061035156,41.83873748779297,885900
2013-04-29,48.099998474121094,48.29999923706055,47.54999923706055,48.2599983215332,42.40994644165039,734500
2013-04-30,48.2599983215332,49.40999984741211,47.81999969482422,49.40999984741211,43.4205436706543,1469100
2013-05-01,49.27000045776367,49.290000915527344,47.4900016784668,47.689998626708984,41.90903854370117,946700
2013-05-02,48.31999969482422,48.380001068115234,47.52000045776367,47.97999954223633,42.24360656738281,635500
2013-05-03,48.90999984741211,49.630001068115234,48.83000183105469,49.060001373291016,43.194488525390625,730700
2013-05-06,49.31999969482422,49.54999923706055,48.849998474121094,49.459999084472656,43.546669006347656,564200
2013-05-07,49.470001220703125,49.5099983215332,49.04999923706055,49.439998626708984,43.52904510498047,892900
2013-05-08,49.290000915527344,49.5099983215332,48.779998779296875,49.34000015258789,43.44099807739258,908700
2013-05-09,49.29999923706055,49.40999984741211,48.4900016784668,48.58000183105469,42.771873474121094,651700
2013-05-10,48.81999969482422,48.81999969482422,47.720001220703125,48.27000045776367,42.49894332885742,1016900
2013-05-13,47.77000045776367,47.869998931884766,47.02000045776367,47.400001525878906,41.732948303222656,1316800
2013-05-14,47.189998626708984,48.47999954223633,47.13999938964844,48.40999984741211,42.62220001220703,754100
2013-05-15,48.38999938964844,49.0,48.11000061035156,48.849998474121094,43.009586334228516,879200
2013-05-16,48.75,49.209999084472656,48.310001373291016,48.38999938964844,42.604583740234375,723500
2013-05-17,48.779998779296875,49.7599983215332,48.65999984741211,49.43000030517578,43.52025604248047,872400
2013-05-20,49.220001220703125,49.90999984741211,49.11000061035156,49.2599983215332,43.37057876586914,513100
2013-05-21,49.2599983215332,50.130001068115234,48.970001220703125,50.0,44.0221061706543,871400
2013-05-22,49.83000183105469,51.58000183105469,49.560001373291016,50.04999923706055,44.066123962402344,2196100
2013-05-23,49.02000045776367,49.81999969482422,48.310001373291016,49.47999954223633,43.564266204833984,1055700
2013-05-24,48.97999954223633,49.36000061035156,48.400001525878906,49.11000061035156,43.238521575927734,567000
2013-05-28,49.79999923706055,49.970001220703125,49.13999938964844,49.5099983215332,43.590694427490234,742600
2013-05-29,48.95000076293945,49.810001373291016,48.95000076293945,49.66999816894531,43.7315559387207,828100
2013-05-30,49.66999816894531,50.0099983215332,49.27000045776367,49.869998931884766,43.90764617919922,541100
2013-05-31,49.56999969482422,50.150001525878906,49.220001220703125,49.349998474121094,43.44981384277344,608200
2013-06-03,49.4900016784668,49.95000076293945,47.77000045776367,49.040000915527344,43.17687225341797,1245600
2013-06-04,48.91999816894531,49.7400016784668,48.290000915527344,48.709999084472656,42.88633346557617,601800
2013-06-05,48.470001220703125,48.52000045776367,47.5099983215332,47.720001220703125,42.01469421386719,619800
2013-06-06,47.630001068115234,48.599998474121094,47.38999938964844,48.59000015258789,42.780677795410156,706200
2013-06-07,48.75,49.349998474121094,48.0099983215332,49.0099983215332,43.15046691894531,582700
2013-06-10,49.220001220703125,49.220001220703125,48.31999969482422,49.20000076293945,43.317752838134766,770100
2013-06-11,48.099998474121094,48.61000061035156,47.40999984741211,47.77000045776367,42.0587272644043,768600
2013-06-12,48.150001525878906,48.31999969482422,46.72999954223633,47.02000045776367,41.39839172363281,554200
2013-06-13,46.91999816894531,47.83000183105469,46.54999923706055,47.4900016784668,41.812191009521484,1095400
2013-06-14,47.380001068115234,47.689998626708984,47.04999923706055,47.560001373291016,41.87382507324219,762600
2013-06-17,48.060001373291016,48.150001525878906,47.34000015258789,47.58000183105469,41.89143753051758,740900
2013-06-18,47.380001068115234,48.060001373291016,46.93000030517578,47.630001068115234,41.935447692871094,486100
2013-06-19,47.75,48.54999923706055,47.5099983215332,47.95000076293945,42.21719741821289,1029700
2013-06-20,47.09000015258789,47.15999984741211,45.25,46.52000045776367,40.958160400390625,1666400
2013-06-21,46.65999984741211,46.77000045776367,45.2400016784668,46.099998474121094,40.58837127685547,1246100
2013-06-24,44.900001525878906,45.279998779296875,43.56999969482422,43.689998626708984,38.466514587402344,2490400
2013-06-25,44.130001068115234,44.4900016784668,43.709999084472656,44.119998931884766,38.8451042175293,978600
2013-06-26,44.43000030517578,44.95000076293945,43.86000061035156,44.689998626708984,39.34695053100586,1207800
2013-06-27,45.0,45.91999816894531,44.63999938964844,45.4900016784668,40.051307678222656,829400
2013-06-28,45.34000015258789,45.38999938964844,44.38999938964844,44.79999923706055,39.443809509277344,1427500
2013-07-01,45.27000045776367,46.06999969482422,45.08000183105469,45.40999984741211,39.980865478515625,821000
2013-07-02,45.41999816894531,45.56999969482422,44.4900016784668,45.02000045776367,39.63749313354492,604000
2013-07-03,44.849998474121094,45.54999923706055,44.66999816894531,45.369998931884766,39.94565200805664,375800
2013-07-05,45.70000076293945,46.150001525878906,45.18000030517578,45.63999938964844,40.18337631225586,506100
2013-07-08,45.83000183105469,46.09000015258789,45.47999954223633,45.68000030517578,40.218589782714844,792600
2013-07-09,46.15999984741211,46.79999923706055,46.0,46.59000015258789,41.01979064941406,897400
2013-07-10,46.54999923706055,47.349998474121094,46.09000015258789,46.83000183105469,41.231109619140625,813900
2013-07-11,47.400001525878906,47.900001525878906,47.38999938964844,47.5099983215332,41.82979965209961,1002200
2013-07-12,47.529998779296875,47.77000045776367,47.029998779296875,47.68000030517578,41.9794807434082,710000
2013-07-15,47.68000030517578,47.849998474121094,46.959999084472656,47.529998779296875,41.847412109375,1028100
2013-07-16,47.779998779296875,47.779998779296875,46.79999923706055,47.27000045776367,41.618492126464844,820200
2013-07-17,47.31999969482422,47.68000030517578,47.11000061035156,47.34000015258789,41.68013000488281,858100
2013-07-18,47.790000915527344,48.29999923706055,47.38999938964844,48.0099983215332,42.270015716552734,1388600
2013-07-19,46.2599983215332,48.2400016784668,45.869998931884766,47.72999954223633,42.023494720458984,3578500
2013-07-22,47.47999954223633,47.790000915527344,47.27000045776367,47.77000045776367,42.0587272644043,1432300
2013-07-23,48.11000061035156,48.79999923706055,47.91999816894531,48.540000915527344,42.736663818359375,1065300
2013-07-24,48.70000076293945,48.81999969482422,48.18000030517578,48.34000015258789,42.56056213378906,988000
2013-07-25,48.189998626708984,48.349998474121094,47.779998779296875,47.91999816894531,42.190792083740234,637500
2013-07-26,47.689998626708984,47.709999084472656,46.810001373291016,46.97999954223633,41.36316680908203,1335700
2013-07-29,46.86000061035156,47.25,46.650001525878906,47.09000015258789,41.460025787353516,1015300
2013-07-30,47.54999923706055,48.40999984741211,47.130001068115234,48.09000015258789,42.340457916259766,1337000
2013-07-31,48.279998779296875,48.52000045776367,47.90999984741211,48.060001373291016,42.31404495239258,880800
2013-08-01,48.5,49.220001220703125,48.36000061035156,48.790000915527344,43.118255615234375,824500
2013-08-02,48.75,49.060001373291016,48.29999923706055,49.040000915527344,43.33919906616211,928700
2013-08-05,49.04999923706055,49.08000183105469,48.599998474121094,48.900001525878906,43.21547317504883,522800
2013-08-06,48.75,48.810001373291016,47.97999954223633,48.25,42.64103317260742,918500
2013-08-07,48.0099983215332,48.529998779296875,47.7599983215332,48.06999969482422,42.48196029663086,956000
2013-08-08,48.45000076293945,49.18000030517578,48.41999816894531,48.97999954223633,43.286170959472656,864600
2013-08-09,48.900001525878906,49.380001068115234,48.130001068115234,48.90999984741211,43.22431182861328,1114700
2013-08-12,48.470001220703125,48.93000030517578,48.380001068115234,48.91999816894531,43.23313903808594,1123100
2013-08-13,48.959999084472656,49.7599983215332,48.84000015258789,49.599998474121094,43.8340950012207,1165700
2013-08-14,49.59000015258789,50.90999984741211,49.59000015258789,50.43000030517578,44.56761169433594,1330800
2013-08-15,50.04999923706055,50.04999923706055,48.97999954223633,49.29999923706055,43.5689697265625,1223200
2013-08-16,49.040000915527344,49.59000015258789,48.91999816894531,49.5,43.745723724365234,698800
2013-08-19,49.34000015258789,49.709999084472656,49.060001373291016,49.209999084472656,43.48943328857422,690500
2013-08-20,49.150001525878906,49.27000045776367,48.70000076293945,48.93000030517578,43.241981506347656,729200
2013-08-21,50.040000915527344,51.650001525878906,49.75,50.68000030517578,44.788551330566406,2350300
2013-08-22,50.75,51.22999954223633,50.22999954223633,50.459999084472656,44.594120025634766,653600
2013-08-23,50.459999084472656,50.709999084472656,49.79999923706055,50.650001525878906,44.76204299926758,721000
2013-08-26,50.86000061035156,51.310001373291016,50.70000076293945,50.75,44.85041427612305,511000
2013-08-27,49.869998931884766,49.939998626708984,48.959999084472656,49.040000915527344,43.33919906616211,883400
2013-08-28,49.06999969482422,49.2400016784668,48.619998931884766,48.81999969482422,43.144771575927734,573400
2013-08-29,48.83000183105469,49.880001068115234,48.83000183105469,49.540000915527344,43.78107452392578,729000
2013-08-30,49.529998779296875,49.849998474121094,48.869998931884766,49.2400016784668,43.51594924926758,655500
2013-09-03,50.029998779296875,50.310001373291016,49.279998779296875,49.56999969482422,43.80758285522461,607300
2013-09-04,49.54999923706055,50.2599983215332,49.25,50.0,44.18760681152344,585300
2013-09-05,49.91999816894531,50.459999084472656,49.369998931884766,49.880001068115234,44.081539154052734,386600
2013-09-06,50.220001220703125,50.47999954223633,49.06999969482422,49.13999938964844,43.42757797241211,947400
2013-09-09,49.2599983215332,49.599998474121094,48.970001220703125,49.15999984741211,43.445247650146484,2211300
2013-09-10,49.59000015258789,49.97999954223633,49.439998626708984,49.529998779296875,43.77223587036133,2100900
2013-09-11,49.59000015258789,49.869998931884766,49.310001373291016,49.72999954223633,43.94898223876953,975400
2013-09-12,49.5,49.93000030517578,49.08000183105469,49.09000015258789,43.38338851928711,793400
2013-09-13,49.310001373291016,49.43000030517578,48.91999816894531,49.16999816894531,43.454078674316406,1071800
2013-09-16,49.83000183105469,50.22999954223633,49.70000076293945,49.72999954223633,43.94898223876953,1124700
2013-09-17,49.79999923706055,50.2400016784668,49.470001220703125,50.040000915527344,44.22294235229492,878600
2013-09-18,50.029998779296875,51.7599983215332,50.02000045776367,51.61000061035156,45.61044692993164,1130700
2013-09-19,51.939998626708984,52.540000915527344,51.65999984741211,51.77000045776367,45.75183868408203,916600
2013-09-20,51.77000045776367,52.11000061035156,51.25,51.34000015258789,45.37181854248047,891500
2013-09-23,51.099998474121094,51.349998474121094,50.68000030517578,50.880001068115234,44.96529769897461,763200
2013-09-24,50.900001525878906,52.02000045776367,50.630001068115234,51.5099983215332,45.522071838378906,978600
2013-09-25,51.529998779296875,52.470001220703125,51.34000015258789,51.970001220703125,45.928585052490234,746500
2013-09-26,52.27000045776367,53.0,52.20000076293945,52.86000061035156,46.71512985229492,672100
2013-09-27,52.38999938964844,52.83000183105469,52.130001068115234,52.5,46.396976470947266,782500
2013-09-30,52.08000183105469,52.84000015258789,52.060001373291016,52.790000915527344,46.65327453613281,897600
2013-10-01,52.599998474121094,53.41999816894531,52.54999923706055,53.38999938964844,47.18351745605469,1370000
2013-10-02,53.25,53.52000045776367,52.38999938964844,53.52000045776367,47.29841232299805,1024100
2013-10-03,53.31999969482422,53.470001220703125,52.349998474121094,53.02000045776367,46.856529235839844,2124500
2013-10-04,53.0099983215332,54.060001373291016,52.709999084472656,53.83000183105469,47.57238006591797,1112200
2013-10-07,53.119998931884766,53.95000076293945,53.09000015258789,53.630001068115234,47.39561080932617,761600
2013-10-08,53.4900016784668,53.4900016784668,51.65999984741211,51.68000030517578,45.67230224609375,952600
2013-10-09,51.68000030517578,52.040000915527344,51.209999084472656,51.529998779296875,45.53973388671875,746800
2013-10-10,52.09000015258789,53.16999816894531,52.09000015258789,53.040000915527344,46.874210357666016,635700
2013-10-11,52.810001373291016,53.13999938964844,52.61000061035156,52.90999984741211,46.75931930541992,634300
2013-10-14,52.52000045776367,53.380001068115234,52.31999969482422,53.22999954223633,47.0421142578125,517000
2013-10-15,53.119998931884766,53.58000183105469,52.86000061035156,53.209999084472656,47.024444580078125,621900
2013-10-16,53.79999923706055,54.31999969482422,53.599998474121094,53.7599983215332,47.510501861572266,658200
2013-10-17,53.619998931884766,54.45000076293945,53.560001373291016,54.2400016784668,47.9347038269043,898800
2013-10-18,54.5099983215332,54.72999954223633,53.790000915527344,53.97999954223633,47.704933166503906,1524500
2013-10-21,54.72999954223633,57.34000015258789,54.72999954223633,57.15999984741211,50.515262603759766,2244700
2013-10-22,57.689998626708984,58.560001373291016,57.560001373291016,58.25,51.478553771972656,2587300
2013-10-23,57.77000045776367,58.06999969482422,57.119998931884766,57.970001220703125,51.231101989746094,1308100
2013-10-24,57.95000076293945,58.25,57.2400016784668,57.970001220703125,51.231101989746094,1245800
2013-10-25,57.84000015258789,58.13999938964844,56.54999923706055,57.58000183105469,50.88644027709961,938200
2013-10-28,57.290000915527344,57.38999938964844,55.77000045776367,56.02000045776367,49.50778579711914,1474500
2013-10-29,56.16999816894531,56.81999969482422,56.06999969482422,56.779998779296875,50.17943572998047,848200
2013-10-30,56.709999084472656,57.2400016784668,55.720001220703125,56.11000061035156,49.587318420410156,879400
2013-10-31,55.900001525878906,56.459999084472656,55.630001068115234,56.0099983215332,49.65825653076172,1172700
2013-11-01,56.0099983215332,56.189998626708984,55.130001068115234,55.88999938964844,49.55185317993164,501300
2013-11-04,55.880001068115234,56.31999969482422,55.33000183105469,55.90999984741211,49.56959533691406,785900
2013-11-05,55.70000076293945,56.93000030517578,55.369998931884766,56.65999984741211,50.23454284667969,884700
2013-11-06,56.95000076293945,57.29999923706055,56.43000030517578,56.880001068115234,50.42959213256836,553600
2013-11-07,56.91999816894531,57.279998779296875,56.060001373291016,56.150001525878906,49.782379150390625,901500
2013-11-08,56.2400016784668,57.33000183105469,56.130001068115234,56.81999969482422,50.37639236450195,789400
2013-11-11,56.880001068115234,57.959999084472656,56.720001220703125,57.88999938964844,51.32504653930664,816300
2013-11-12,57.810001373291016,57.9900016784668,57.130001068115234,57.529998779296875,51.0058708190918,788500
2013-11-13,57.0,57.66999816894531,56.959999084472656,57.66999816894531,51.12999725341797,697800
2013-11-14,57.709999084472656,58.279998779296875,57.369998931884766,58.099998474121094,51.51123809814453,661600
2013-11-15,57.83000183105469,58.0,56.81999969482422,56.88999938964844,50.43846130371094,2006500
2013-11-18,56.91999816894531,57.470001220703125,55.810001373291016,55.939998626708984,49.596195220947266,1449500
2013-11-19,56.08000183105469,56.5,55.5,55.70000076293945,49.38340759277344,1242100
2013-11-20,55.70000076293945,55.91999816894531,55.15999984741211,55.34000015258789,49.06422805786133,517900
2013-11-21,55.650001525878906,56.150001525878906,55.41999816894531,55.689998626708984,49.374534606933594,551700
2013-11-22,55.790000915527344,56.290000915527344,55.400001525878906,56.09000015258789,49.72917938232422,618900
2013-11-25,56.16999816894531,56.40999984741211,54.689998626708984,54.90999984741211,48.6829948425293,970400
2013-11-26,54.91999816894531,56.16999816894531,54.91999816894531,55.709999084472656,49.392269134521484,891100
2013-11-27,55.59000015258789,55.959999084472656,55.52000045776367,55.939998626708984,49.596195220947266,396300
2013-11-29,56.150001525878906,56.72999954223633,56.0099983215332,56.130001068115234,49.7646369934082,284700
2013-12-02,56.380001068115234,57.2599983215332,56.040000915527344,56.11000061035156,49.746910095214844,407800
2013-12-03,55.77000045776367,56.34000015258789,55.060001373291016,55.5099983215332,49.2149543762207,456000
2013-12-04,55.400001525878906,56.040000915527344,55.130001068115234,55.869998931884766,49.53412628173828,853000
2013-12-05,55.709999084472656,56.310001373291016,55.25,55.369998931884766,49.090816497802734,927700
2013-12-06,56.18000030517578,56.18000030517578,55.619998931884766,55.880001068115234,49.54298782348633,1311000
2013-12-09,55.970001220703125,56.970001220703125,55.75,56.84000015258789,50.39412307739258,881900
2013-12-10,56.970001220703125,57.7400016784668,56.56999969482422,56.65999984741211,50.23454284667969,727000
2013-12-11,57.09000015258789,57.529998779296875,55.209999084472656,55.400001525878906,49.117435455322266,885900
2013-12-12,55.619998931884766,55.720001220703125,54.83000183105469,55.0,48.762794494628906,571100
2013-12-13,55.060001373291016,55.400001525878906,54.65999984741211,55.16999816894531,48.913509368896484,564300
2013-12-16,55.400001525878906,56.18000030517578,54.560001373291016,54.959999084472656,48.727325439453125,821700
2013-12-17,55.0,55.18000030517578,54.310001373291016,54.7599983215332,48.55000686645508,835900
2013-12-18,54.66999816894531,55.02000045776367,53.52000045776367,54.72999954223633,48.523406982421875,1002200
2013-12-19,54.619998931884766,54.9900016784668,54.04999923706055,54.34000015258789,48.177642822265625,1052000
2013-12-20,54.63999938964844,54.63999938964844,53.79999923706055,54.27000045776367,48.115577697753906,1056000
2013-12-23,54.5099983215332,54.95000076293945,54.099998474121094,54.470001220703125,48.29288864135742,566200
2013-12-24,54.45000076293945,55.4900016784668,54.2400016784668,55.0099983215332,48.77164840698242,432800
2013-12-26,55.220001220703125,55.400001525878906,54.83000183105469,55.20000076293945,48.94010543823242,460200
2013-12-27,55.2599983215332,55.529998779296875,54.91999816894531,55.119998931884766,48.86918258666992,381700
2013-12-30,55.08000183105469,55.29999923706055,54.41999816894531,55.189998626708984,48.93123245239258,440800
2013-12-31,55.16999816894531,55.63999938964844,55.0,55.310001373291016,49.03763198852539,536600
2014-01-02,55.150001525878906,55.470001220703125,54.88999938964844,54.9900016784668,48.75392532348633,734500
2014-01-03,55.040000915527344,55.58000183105469,54.90999984741211,55.29999923706055,49.02876281738281,471400
2014-01-06,55.2599983215332,55.33000183105469,53.84000015258789,54.040000915527344,47.91166305541992,1225800
2014-01-07,54.18000030517578,54.95000076293945,54.18000030517578,54.65999984741211,48.46134567260742,761300
2014-01-08,54.66999816894531,54.66999816894531,53.02000045776367,53.7599983215332,47.66340255737305,1263500
2014-01-09,53.880001068115234,54.18000030517578,52.59000015258789,54.029998779296875,47.902793884277344,1300300
2014-01-10,54.09000015258789,54.70000076293945,53.790000915527344,54.150001525878906,48.00917434692383,739500
2014-01-13,54.150001525878906,54.18000030517578,53.5099983215332,53.86000061035156,47.75205993652344,889900
2014-01-14,53.959999084472656,55.43000030517578,53.869998931884766,55.400001525878906,49.117435455322266,1179400
2014-01-15,55.47999954223633,56.18000030517578,55.290000915527344,55.779998779296875,49.4543342590332,839600
2014-01-16,55.70000076293945,56.209999084472656,55.58000183105469,56.060001373291016,49.70256805419922,1001000
2014-01-17,56.02000045776367,56.209999084472656,54.86000061035156,55.099998474121094,48.85144805908203,1152200
2014-01-21,55.52000045776367,55.88999938964844,54.540000915527344,54.689998626708984,48.487945556640625,855600
2014-01-22,54.720001220703125,55.15999984741211,54.02000045776367,55.04999923706055,48.80712127685547,1174800
2014-01-23,54.209999084472656,55.189998626708984,54.209999084472656,54.88999938964844,48.66526794433594,1659700
2014-01-24,52.59000015258789,55.5,51.22999954223633,52.66999816894531,46.6970100402832,4114800
2014-01-27,53.18000030517578,53.18000030517578,51.349998474121094,51.43000030517578,45.59764099121094,2503700
2014-01-28,51.41999816894531,51.83000183105469,50.599998474121094,51.41999816894531,45.588775634765625,1944000
2014-01-29,51.22999954223633,52.38999938964844,51.130001068115234,51.5,45.659706115722656,1261600
2014-01-30,51.90999984741211,52.209999084472656,51.20000076293945,51.5099983215332,45.66857147216797,951600
2014-01-31,51.040000915527344,51.79999923706055,50.61000061035156,50.63999938964844,44.897220611572266,1386900
2014-02-03,50.7400016784668,50.970001220703125,48.779998779296875,48.83000183105469,43.2924919128418,1780500
2014-02-04,49.150001525878906,49.81999969482422,49.150001525878906,49.599998474121094,43.975162506103516,1728500
2014-02-05,49.5,49.88999938964844,48.83000183105469,49.58000183105469,43.95744705200195,1530700
2014-02-06,49.86000061035156,50.869998931884766,49.790000915527344,50.66999816894531,44.923824310302734,2135800
2014-02-07,51.7599983215332,52.560001373291016,50.27000045776367,51.209999084472656,45.402584075927734,1639700
2014-02-10,51.20000076293945,51.70000076293945,50.66999816894531,51.29999923706055,45.48237991333008,1389700
2014-02-11,51.20000076293945,51.630001068115234,51.0099983215332,51.439998626708984,45.60650634765625,1424800
2014-02-12,51.529998779296875,52.47999954223633,51.459999084472656,52.2400016784668,46.47841262817383,1782200
2014-02-13,51.810001373291016,53.150001525878906,51.790000915527344,52.79999923706055,46.97665786743164,1421900
2014-02-14,52.790000915527344,53.310001373291016,52.68000030517578,53.099998474121094,47.243568420410156,755100
2014-02-18,53.349998474121094,53.349998474121094,51.90999984741211,52.41999816894531,46.63856887817383,1510400
2014-02-19,52.43000030517578,52.900001525878906,51.88999938964844,52.33000183105469,46.55849075317383,930200
2014-02-20,52.380001068115234,52.95000076293945,52.15999984741211,52.91999816894531,47.08342361450195,823000
2014-02-21,52.95000076293945,53.09000015258789,52.099998474121094,52.119998931884766,46.37165832519531,917400
2014-02-24,52.11000061035156,53.06999969482422,51.970001220703125,52.560001373291016,46.76313781738281,764000
2014-02-25,52.54999923706055,52.939998626708984,52.11000061035156,52.34000015258789,46.5673942565918,743400
2014-02-26,52.400001525878906,53.310001373291016,52.400001525878906,52.91999816894531,47.08342361450195,680400
2014-02-27,52.84000015258789,53.65999984741211,52.75,53.630001068115234,47.71511459350586,926300
2014-02-28,53.58000183105469,53.810001373291016,53.06999969482422,53.38999938964844,47.5015869140625,1002900
2014-03-03,52.88999938964844,53.0099983215332,51.900001525878906,52.16999816894531,46.4161376953125,1413500
2014-03-04,52.83000183105469,52.93000030517578,52.36000061035156,52.86000061035156,47.0300407409668,757400
2014-03-05,52.91999816894531,52.93000030517578,52.34000015258789,52.41999816894531,46.63856887817383,701100
2014-03-06,52.52000045776367,53.459999084472656,52.41999816894531,53.36000061035156,47.47489547729492,1141200
2014-03-07,53.599998474121094,54.290000915527344,53.349998474121094,54.0099983215332,48.053199768066406,1578400
2014-03-10,53.81999969482422,54.189998626708984,52.939998626708984,53.41999816894531,47.52828598022461,1138700
2014-03-11,53.560001373291016,54.290000915527344,53.41999816894531,53.47999954223633,47.5816650390625,968300
2014-03-12,53.150001525878906,53.939998626708984,52.79999923706055,53.84000015258789,47.90196228027344,886000
2014-03-13,54.04999923706055,54.77000045776367,53.209999084472656,53.34000015258789,47.45710372924805,1024300
2014-03-14,53.15999984741211,54.16999816894531,53.029998779296875,53.720001220703125,47.79519271850586,898200
2014-03-17,54.0,54.68000030517578,53.91999816894531,54.25,48.26673889160156,672500
2014-03-18,54.36000061035156,54.88999938964844,54.36000061035156,54.47999954223633,48.471370697021484,760700
2014-03-19,54.70000076293945,55.689998626708984,54.27000045776367,54.9900016784668,48.92511749267578,782500
2014-03-20,54.81999969482422,55.16999816894531,54.5099983215332,54.849998474121094,48.80056381225586,563100
2014-03-21,55.36000061035156,56.20000076293945,55.04999923706055,55.209999084472656,49.120853424072266,1166900
2014-03-24,55.5099983215332,55.84000015258789,54.84000015258789,54.959999084472656,48.898433685302734,666000
2014-03-25,55.189998626708984,55.65999984741211,54.56999969482422,55.060001373291016,48.987403869628906,921200
2014-03-26,55.5099983215332,55.52000045776367,53.970001220703125,53.970001220703125,48.01762008666992,683600
2014-03-27,53.900001525878906,54.220001220703125,53.25,53.54999923706055,47.64393997192383,1049000
2014-03-28,53.880001068115234,54.08000183105469,53.47999954223633,53.939998626708984,47.99092102050781,697500
2014-03-31,54.400001525878906,55.58000183105469,54.400001525878906,55.5099983215332,49.38777542114258,647300
2014-04-01,55.68000030517578,56.18000030517578,55.5099983215332,56.029998779296875,49.85042190551758,791300
2014-04-02,56.08000183105469,56.61000061035156,55.81999969482422,56.599998474121094,50.357547760009766,535900
2014-04-03,56.77000045776367,57.25,56.650001525878906,56.83000183105469,50.56219482421875,693900
2014-04-04,57.400001525878906,57.86000061035156,56.43000030517578,56.81999969482422,50.55328369140625,667800
2014-04-07,56.70000076293945,56.81999969482422,54.599998474121094,54.93000030517578,48.87173080444336,795900
2014-04-08,55.130001068115234,55.70000076293945,54.72999954223633,55.59000015258789,49.45894241333008,1004300
2014-04-09,55.68000030517578,56.02000045776367,55.22999954223633,55.65999984741211,49.52122116088867,1091800
2014-04-10,55.52000045776367,56.290000915527344,54.88999938964844,55.0099983215332,48.94291305541992,575300
2014-04-11,54.81999969482422,55.22999954223633,54.47999954223633,54.650001525878906,48.62262725830078,603900
2014-04-14,55.029998779296875,56.130001068115234,54.83000183105469,55.54999923706055,49.423362731933594,990900
2014-04-15,55.529998779296875,56.220001220703125,54.97999954223633,56.209999084472656,50.01056671142578,674300
2014-04-16,56.790000915527344,57.5099983215332,56.689998626708984,57.02000045776367,50.73122787475586,940400
2014-04-17,57.08000183105469,57.939998626708984,56.689998626708984,57.56999969482422,51.22056198120117,1053400
2014-04-21,57.630001068115234,58.470001220703125,57.290000915527344,58.119998931884766,51.709903717041016,1512300
2014-04-22,60.470001220703125,61.81999969482422,59.939998626708984,60.09000015258789,53.462642669677734,3369800
2014-04-23,60.18000030517578,60.310001373291016,58.90999984741211,59.59000015258789,53.017784118652344,1163100
2014-04-24,59.70000076293945,59.97999954223633,58.970001220703125,59.20000076293945,52.67080307006836,860200
2014-04-25,59.08000183105469,59.41999816894531,58.720001220703125,59.279998779296875,52.74197006225586,894200
2014-04-28,59.84000015258789,60.41999816894531,59.0099983215332,59.720001220703125,53.133445739746094,1021400
2014-04-29,60.060001373291016,60.880001068115234,59.970001220703125,60.790000915527344,54.08544158935547,1193200
2014-04-30,60.70000076293945,61.599998474121094,60.400001525878906,61.43000030517578,54.654850006103516,1368000
2014-05-01,61.16999816894531,61.290000915527344,60.7599983215332,61.209999084472656,54.681640625,1086500
2014-05-02,61.22999954223633,61.97999954223633,61.11000061035156,61.18000030517578,54.654850006103516,801200
2014-05-05,60.779998779296875,61.77000045776367,60.689998626708984,61.40999984741211,54.860321044921875,916000
2014-05-06,61.20000076293945,61.349998474121094,60.83000183105469,61.08000183105469,54.56552505493164,1102700
2014-05-07,61.130001068115234,61.2599983215332,60.150001525878906,60.709999084472656,54.2349739074707,1262500
2014-05-08,60.540000915527344,60.66999816894531,59.79999923706055,60.11000061035156,53.698974609375,1265800
2014-05-09,60.150001525878906,60.41999816894531,59.25,59.52000045776367,53.171905517578125,1397700
2014-05-12,59.790000915527344,60.90999984741211,59.790000915527344,60.88999938964844,54.395782470703125,911300
2014-05-13,60.95000076293945,61.060001373291016,60.08000183105469,60.15999984741211,53.74363327026367,920300
2014-05-14,60.22999954223633,60.36000061035156,59.59000015258789,59.720001220703125,53.35057067871094,629600
2014-05-15,59.70000076293945,59.77000045776367,57.75,58.380001068115234,52.153480529785156,1351200
2014-05-16,58.630001068115234,59.47999954223633,57.849998474121094,59.459999084472656,53.11829376220703,1449700
2014-05-19,59.40999984741211,60.439998626708984,59.40999984741211,59.709999084472656,53.34162902832031,913900
2014-05-20,59.56999969482422,60.18000030517578,59.0,59.11000061035156,52.805633544921875,855900
2014-05-21,59.290000915527344,60.599998474121094,59.220001220703125,60.439998626708984,53.993770599365234,895100
2014-05-22,60.38999938964844,61.439998626708984,60.209999084472656,60.72999954223633,54.25284957885742,1000600
2014-05-23,60.70000076293945,61.22999954223633,60.599998474121094,61.18000030517578,54.654850006103516,763600
2014-05-27,61.40999984741211,61.83000183105469,60.779998779296875,61.209999084472656,54.681640625,900800
2014-05-28,61.15999984741211,61.4900016784668,60.540000915527344,61.220001220703125,54.69059371948242,1032400
2014-05-29,61.52000045776367,62.75,61.369998931884766,62.72999954223633,56.03953552246094,974300
2014-05-30,62.61000061035156,62.90999984741211,62.029998779296875,62.70000076293945,56.012733459472656,1491700
2014-06-02,62.90999984741211,62.970001220703125,62.369998931884766,62.81999969482422,56.11993408203125,704100
2014-06-03,62.4900016784668,63.560001373291016,62.459999084472656,63.18000030517578,56.4415397644043,612100
2014-06-04,63.0,63.36000061035156,62.849998474121094,63.099998474121094,56.37006759643555,612500
2014-06-05,63.27000045776367,64.06999969482422,62.779998779296875,63.869998931884766,57.05794906616211,718700
2014-06-06,64.04000091552734,64.29000091552734,63.689998626708984,64.27999877929688,57.424224853515625,556700
2014-06-09,64.30000305175781,64.45999908447266,63.72999954223633,63.779998779296875,56.97755432128906,696600
2014-06-10,63.52000045776367,63.880001068115234,63.119998931884766,63.56999969482422,56.78995132446289,907100
2014-06-11,63.59000015258789,64.43000030517578,63.279998779296875,64.4000015258789,57.53141784667969,1257700
2014-06-12,64.31999969482422,64.88999938964844,63.93000030517578,64.19000244140625,57.34381866455078,1092600
2014-06-13,64.05000305175781,64.30000305175781,63.560001373291016,64.16000366210938,57.3170280456543,561300
2014-06-16,64.0,64.12000274658203,63.56999969482422,63.93000030517578,57.11154556274414,597900
2014-06-17,63.900001525878906,64.58999633789062,63.720001220703125,63.84000015258789,57.03114700317383,529000
2014-06-18,64.06999969482422,64.69000244140625,63.93000030517578,64.52999877929688,57.64755630493164,594900
2014-06-19,64.27999877929688,64.6500015258789,64.16000366210938,64.6500015258789,57.754756927490234,506400
2014-06-20,64.70999908447266,64.87000274658203,64.38999938964844,64.6500015258789,57.754756927490234,583500
2014-06-23,64.91000366210938,65.16999816894531,64.5199966430664,64.69000244140625,57.790504455566406,563300
2014-06-24,64.55999755859375,65.04000091552734,63.4900016784668,63.52000045776367,56.74528121948242,683200
2014-06-25,63.599998474121094,64.33000183105469,63.59000015258789,64.11000061035156,57.272342681884766,705600
2014-06-26,64.12000274658203,64.29000091552734,63.06999969482422,63.400001525878906,56.638084411621094,919000
2014-06-27,63.2599983215332,64.05999755859375,62.95000076293945,64.05999755859375,57.227684020996094,2693300
2014-06-30,64.22000122070312,64.7300033569336,63.970001220703125,64.27999877929688,57.424224853515625,1121500
2014-07-01,64.62999725341797,65.26000213623047,64.13999938964844,65.02999877929688,58.09423065185547,865000
2014-07-02,65.02999877929688,66.33000183105469,64.91000366210938,65.61000061035156,58.612361907958984,1114700
2014-07-03,65.70999908447266,66.2699966430664,65.70999908447266,66.05000305175781,59.00543975830078,649600
2014-07-07,65.87999725341797,66.3499984741211,65.43000030517578,65.80000305175781,58.7821044921875,853700
2014-07-08,65.98999786376953,66.05999755859375,65.5,65.73999786376953,58.7285041809082,678300
2014-07-09,65.87999725341797,65.94000244140625,64.56999969482422,65.05999755859375,58.12103271484375,1309300
2014-07-10,64.02999877929688,64.31999969482422,63.7400016784668,64.12000274658203,57.28128433227539,1072600
2014-07-11,64.12000274658203,64.54000091552734,63.900001525878906,64.2699966430664,57.415287017822266,1057900
2014-07-14,64.63999938964844,64.63999938964844,63.81999969482422,64.37000274658203,57.5046272277832,1262900
2014-07-15,64.95999908447266,65.23999786376953,64.19999694824219,64.45999908447266,57.58503341674805,1349700
2014-07-16,64.83000183105469,65.05000305175781,64.08000183105469,64.0999984741211,57.26341247558594,1157300
2014-07-17,64.01000213623047,64.31999969482422,63.209999084472656,63.29999923706055,56.54874038696289,2159000
2014-07-18,65.5,65.62000274658203,62.189998626708984,62.630001068115234,55.9501953125,4089100
2014-07-21,62.7400016784668,63.31999969482422,61.689998626708984,62.09000015258789,55.46780014038086,2734000
2014-07-22,62.29999923706055,62.720001220703125,62.13999938964844,62.59000015258789,55.91447448730469,1619300
2014-07-23,62.619998931884766,62.939998626708984,62.220001220703125,62.2599983215332,55.619667053222656,1178600
2014-07-24,62.560001373291016,62.61000061035156,62.099998474121094,62.439998626708984,55.78045654296875,896500
2014-07-25,62.43000030517578,63.0099983215332,61.97999954223633,62.18000030517578,55.54819869995117,980000
2014-07-28,62.25,62.880001068115234,62.06999969482422,62.630001068115234,55.9501953125,999700
2014-07-29,62.84000015258789,62.880001068115234,59.599998474121094,60.15999984741211,53.74363327026367,3052900
2014-07-30,60.40999984741211,60.63999938964844,59.27000045776367,59.380001068115234,53.046836853027344,1368800
2014-07-31,59.150001525878906,59.150001525878906,58.02000045776367,58.209999084472656,52.00161361694336,1366500
2014-08-01,57.91999816894531,58.709999084472656,57.56999969482422,58.33000183105469,52.333580017089844,1281200
2014-08-04,58.599998474121094,59.33000183105469,58.52000045776367,59.22999954223633,53.14106750488281,968900
2014-08-05,58.72999954223633,59.119998931884766,58.25,58.380001068115234,52.378440856933594,960000
2014-08-06,58.029998779296875,59.040000915527344,58.029998779296875,58.7400016784668,52.70143127441406,752000
2014-08-07,58.77000045776367,59.08000183105469,57.66999816894531,57.959999084472656,52.00161361694336,943300
2014-08-08,57.939998626708984,58.52000045776367,57.68000030517578,58.470001220703125,52.45918273925781,646500
2014-08-11,58.880001068115234,59.290000915527344,58.650001525878906,59.150001525878906,53.06928253173828,1051300
2014-08-12,59.04999923706055,59.31999969482422,58.66999816894531,59.099998474121094,53.02442169189453,775200
2014-08-13,59.27000045776367,59.470001220703125,58.97999954223633,59.349998474121094,53.248722076416016,696100
2014-08-14,59.369998931884766,59.630001068115234,59.25,59.380001068115234,53.275638580322266,674500
2014-08-15,59.75,59.93000030517578,59.08000183105469,59.369998931884766,53.266666412353516,958700
2014-08-18,59.75,60.349998474121094,59.75,60.22999954223633,54.03825759887695,572900
2014-08-19,60.310001373291016,60.900001525878906,60.310001373291016,60.599998474121094,54.37022018432617,676900
2014-08-20,60.599998474121094,61.470001220703125,60.4900016784668,61.34000015258789,55.034141540527344,781200
2014-08-21,61.27000045776367,61.5,60.709999084472656,61.349998474121094,55.043121337890625,667400
2014-08-22,61.150001525878906,61.56999969482422,60.81999969482422,61.189998626708984,54.899559020996094,619700
2014-08-25,61.65999984741211,61.97999954223633,61.20000076293945,61.83000183105469,55.4737663269043,504100
2014-08-26,61.9900016784668,61.9900016784668,61.52000045776367,61.81999969482422,55.46480941772461,576800
2014-08-27,61.81999969482422,62.04999923706055,61.599998474121094,61.7400016784668,55.393028259277344,549300
2014-08-28,61.560001373291016,62.06999969482422,61.09000015258789,61.939998626708984,55.572471618652344,519300
2014-08-29,62.15999984741211,62.560001373291016,62.04999923706055,62.540000915527344,56.11079788208008,485700
2014-09-02,62.45000076293945,62.7400016784668,62.08000183105469,62.439998626708984,56.02106475830078,543100
2014-09-03,62.86000061035156,62.97999954223633,62.56999969482422,62.58000183105469,56.14667510986328,864300
2014-09-04,62.5099983215332,63.0,62.369998931884766,62.65999984741211,56.218448638916016,632000
2014-09-05,62.529998779296875,62.970001220703125,62.36000061035156,62.689998626708984,56.245361328125,777400
2014-09-08,62.65999984741211,62.83000183105469,62.04999923706055,62.279998779296875,55.87751388549805,704800
2014-09-09,62.25,62.40999984741211,61.349998474121094,61.47999954223633,55.15975570678711,494400
2014-09-10,61.439998626708984,61.959999084472656,61.060001373291016,61.310001373291016,55.00722885131836,564900
2014-09-11,61.0,61.43000030517578,60.7400016784668,61.25,54.95339584350586,720100
2014-09-12,61.2599983215332,61.369998931884766,60.11000061035156,60.349998474121094,54.14591979980469,671400
2014-09-15,60.599998474121094,60.599998474121094,59.560001373291016,60.29999923706055,54.10105514526367,767900
2014-09-16,60.2599983215332,61.5,60.0099983215332,61.18000030517578,54.890594482421875,589500
2014-09-17,61.2599983215332,61.970001220703125,61.0099983215332,61.29999923706055,54.998252868652344,537100
2014-09-18,61.43000030517578,62.06999969482422,61.38999938964844,61.54999923706055,55.22256088256836,586200
2014-09-19,61.68000030517578,62.40999984741211,61.43000030517578,61.540000915527344,55.21358871459961,794500
2014-09-22,61.34000015258789,61.849998474121094,60.709999084472656,61.27000045776367,54.97134017944336,913500
2014-09-23,61.310001373291016,61.540000915527344,60.959999084472656,60.970001220703125,54.70219039916992,786300
2014-09-24,61.27000045776367,61.66999816894531,60.470001220703125,61.290000915527344,54.989288330078125,733400
2014-09-25,61.25,61.349998474121094,59.959999084472656,60.619998931884766,54.38816452026367,1002300
2014-09-26,60.619998931884766,60.88999938964844,60.34000015258789,60.619998931884766,54.38816452026367,713400
2014-09-29,60.13999938964844,60.189998626708984,59.650001525878906,59.790000915527344,53.64348602294922,716500
2014-09-30,59.900001525878906,59.900001525878906,58.119998931884766,58.52000045776367,52.504051208496094,1011100
2014-10-01,58.27000045776367,58.27000045776367,56.33000183105469,56.540000915527344,50.72760009765625,1800300
2014-10-02,56.31999969482422,56.90999984741211,55.04999923706055,56.79999923706055,50.960872650146484,1760200
2014-10-03,57.060001373291016,57.599998474121094,56.439998626708984,56.7599983215332,50.92498016357422,731500
2014-10-06,57.209999084472656,57.31999969482422,56.5099983215332,56.59000015258789,50.772457122802734,524100
2014-10-07,56.33000183105469,56.36000061035156,54.66999816894531,54.70000076293945,49.076751708984375,1135100
2014-10-08,54.540000915527344,55.029998779296875,53.58000183105469,54.869998931884766,49.22927474975586,1164800
2014-10-09,54.959999084472656,55.11000061035156,53.369998931884766,53.709999084472656,48.18852233886719,1354700
2014-10-10,53.52000045776367,53.619998931884766,52.25,52.279998779296875,46.90553283691406,1205900
2014-10-13,52.09000015258789,52.880001068115234,50.869998931884766,50.90999984741211,45.676361083984375,1268700
2014-10-14,51.18000030517578,52.41999816894531,50.77000045776367,51.25,45.98141860961914,1907000
2014-10-15,50.34000015258789,53.15999984741211,49.41999816894531,52.52000045776367,47.120853424072266,1784000
2014-10-16,51.61000061035156,53.869998931884766,51.47999954223633,53.56999969482422,48.06291580200195,1444200
2014-10-17,54.29999923706055,55.09000015258789,53.75,54.09000015258789,48.529457092285156,1177700
2014-10-20,53.86000061035156,55.4900016784668,53.86000061035156,55.2400016784668,49.56123733520508,1427200
2014-10-21,57.36000061035156,59.79999923706055,57.209999084472656,58.5099983215332,52.49506759643555,3018200
2014-10-22,59.130001068115234,59.2400016784668,57.25,57.369998931884766,51.4722785949707,2142700
2014-10-23,58.2599983215332,58.560001373291016,57.47999954223633,57.849998474121094,51.902915954589844,1162400
2014-10-24,58.18000030517578,58.36000061035156,57.119998931884766,58.349998474121094,52.35152053833008,746900
2014-10-27,57.68000030517578,57.709999084472656,55.869998931884766,57.09000015258789,51.22105026245117,1380900
2014-10-28,57.689998626708984,58.31999969482422,57.619998931884766,58.15999984741211,52.18104934692383,912700
2014-10-29,58.2400016784668,58.790000915527344,57.31999969482422,57.68000030517578,51.75040054321289,894700
2014-10-30,57.189998626708984,58.349998474121094,57.189998626708984,57.779998779296875,52.0657844543457,694100
2014-10-31,58.75,59.31999969482422,58.56999969482422,58.72999954223633,52.921836853027344,1451200
2014-11-03,58.95000076293945,59.470001220703125,58.38999938964844,58.68000030517578,52.87677764892578,791100
2014-11-04,58.599998474121094,58.83000183105469,57.47999954223633,57.70000076293945,51.993709564208984,1268900
2014-11-05,58.040000915527344,59.08000183105469,57.7599983215332,58.959999084472656,53.12908935546875,1371500
2014-11-06,58.79999923706055,59.84000015258789,58.58000183105469,59.54999923706055,53.660743713378906,848700
2014-11-07,59.66999816894531,60.11000061035156,58.93000030517578,59.310001373291016,53.44448471069336,840400
2014-11-10,59.7400016784668,60.06999969482422,59.27000045776367,59.810001373291016,53.89502716064453,942500
2014-11-11,59.75,60.529998779296875,59.68000030517578,60.34000015258789,54.37260437011719,834500
2014-11-12,60.22999954223633,60.650001525878906,59.95000076293945,60.45000076293945,54.471736907958984,610000
2014-11-13,60.099998474121094,60.630001068115234,59.15999984741211,59.68000030517578,53.77788543701172,883400
2014-11-14,59.59000015258789,59.91999816894531,59.04999923706055,59.7599983215332,53.849971771240234,636000
2014-11-17,59.77000045776367,59.900001525878906,59.310001373291016,59.77000045776367,53.858985900878906,600700
2014-11-18,60.0,61.0,59.959999084472656,60.880001068115234,54.85921859741211,822200
2014-11-19,60.900001525878906,61.2400016784668,60.11000061035156,60.220001220703125,54.264488220214844,833800
2014-11-20,59.900001525878906,60.880001068115234,59.79999923706055,60.709999084472656,54.706024169921875,1185100
2014-11-21,61.869998931884766,62.560001373291016,61.22999954223633,61.4900016784668,55.40888214111328,1085200
2014-11-24,61.65999984741211,61.75,60.849998474121094,61.2400016784668,55.18361282348633,823100
2014-11-25,61.130001068115234,61.59000015258789,60.7400016784668,60.9900016784668,54.95832443237305,481100
2014-11-26,61.0,61.09000015258789,60.52000045776367,60.97999954223633,54.9493293762207,578700
2014-11-28,60.5,60.68000030517578,59.5,60.06999969482422,54.12931823730469,446800
2014-12-01,60.0,60.4900016784668,59.29999923706055,60.09000015258789,54.14734649658203,782100
2014-12-02,60.0,60.939998626708984,59.93000030517578,60.709999084472656,54.706024169921875,612200
2014-12-03,60.70000076293945,62.65999984741211,60.619998931884766,62.56999969482422,56.38207244873047,921800
2014-12-04,62.869998931884766,62.880001068115234,61.650001525878906,62.380001068115234,56.21086883544922,557500
2014-12-05,62.470001220703125,63.279998779296875,62.15999984741211,62.869998931884766,56.65241241455078,566000
2014-12-08,62.52000045776367,62.689998626708984,61.40999984741211,61.77000045776367,55.661197662353516,508800
2014-12-09,61.15999984741211,62.619998931884766,61.15999984741211,62.540000915527344,56.35504150390625,785000
2014-12-10,62.06999969482422,62.18000030517578,60.029998779296875,60.08000183105469,54.138328552246094,795900
2014-12-11,60.470001220703125,61.08000183105469,59.119998931884766,59.290000915527344,53.42646026611328,1056200
2014-12-12,58.70000076293945,58.779998779296875,57.27000045776367,57.529998779296875,51.840511322021484,690500
2014-12-15,57.779998779296875,57.95000076293945,56.459999084472656,56.689998626708984,51.083587646484375,992000
2014-12-16,56.310001373291016,57.689998626708984,55.810001373291016,55.88999938964844,50.36270523071289,995500
2014-12-17,56.22999954223633,57.380001068115234,55.9900016784668,57.29999923706055,51.63325500488281,659500
2014-12-18,58.060001373291016,58.61000061035156,57.36000061035156,58.59000015258789,52.79568862915039,816800
2014-12-19,58.83000183105469,59.529998779296875,58.22999954223633,59.4900016784668,53.6066780090332,892900
2014-12-22,59.4900016784668,60.189998626708984,58.97999954223633,59.869998931884766,53.949100494384766,732500
2014-12-23,60.0,60.7400016784668,59.91999816894531,60.189998626708984,54.237449645996094,506900
2014-12-24,60.209999084472656,60.77000045776367,59.66999816894531,60.310001373291016,54.34558868408203,205600
2014-12-26,60.54999923706055,60.869998931884766,60.33000183105469,60.4900016784668,54.507774353027344,241400
2014-12-29,60.380001068115234,60.959999084472656,60.36000061035156,60.599998474121094,54.60689926147461,297900
2014-12-30,60.5099983215332,61.02000045776367,59.95000076293945,60.43000030517578,54.453712463378906,621300
2014-12-31,60.849998474121094,61.439998626708984,59.95000076293945,59.959999084472656,54.03020477294922,378500
2015-01-02,60.09000015258789,60.61000061035156,59.459999084472656,59.9900016784668,54.05722427368164,452100
2015-01-05,59.310001373291016,59.41999816894531,57.689998626708984,57.95000076293945,52.21897506713867,803200
2015-01-06,57.900001525878906,58.5,56.97999954223633,57.06999969482422,51.4260139465332,1101500
2015-01-07,57.720001220703125,58.25,57.029998779296875,57.77000045776367,52.0567741394043,677400
2015-01-08,58.36000061035156,59.20000076293945,58.119998931884766,58.91999816894531,53.093048095703125,747700
2015-01-09,58.970001220703125,59.33000183105469,57.880001068115234,58.209999084472656,52.45326232910156,579500
2015-01-12,58.36000061035156,58.36000061035156,56.9900016784668,57.869998931884766,52.146888732910156,536800
2015-01-13,57.810001373291016,58.5099983215332,56.029998779296875,56.9900016784668,51.353912353515625,1078800
2015-01-14,55.54999923706055,56.0,54.56999969482422,55.59000015258789,50.092369079589844,1401800
2015-01-15,56.04999923706055,56.650001525878906,55.5,55.689998626708984,50.182472229003906,1180300
2015-01-16,55.81999969482422,56.529998779296875,55.06999969482422,56.459999084472656,50.8763313293457,1016300
2015-01-20,56.54999923706055,56.720001220703125,55.470001220703125,56.369998931884766,50.79523468017578,803000
2015-01-21,56.209999084472656,58.2400016784668,56.0099983215332,58.04999923706055,52.30908966064453,996100
2015-01-22,58.5,58.65999984741211,57.47999954223633,58.459999084472656,52.678531646728516,1366800
2015-01-23,55.400001525878906,55.689998626708984,53.52000045776367,53.650001525878906,48.344234466552734,4848200
2015-01-26,53.31999969482422,55.0099983215332,52.560001373291016,54.95000076293945,49.51567077636719,2245900
2015-01-27,53.29999923706055,54.83000183105469,53.18000030517578,54.2599983215332,48.89390182495117,1442900
2015-01-28,54.619998931884766,54.709999084472656,53.34000015258789,53.4900016784668,48.20004653930664,1139200
2015-01-29,53.439998626708984,54.099998474121094,53.08000183105469,53.84000015258789,48.51544189453125,1506900
2015-01-30,53.20000076293945,54.290000915527344,53.18000030517578,53.7599983215332,48.44335174560547,1322000
2015-02-02,53.939998626708984,53.939998626708984,52.9900016784668,53.40999984741211,48.12796401977539,1432500
2015-02-03,54.15999984741211,55.31999969482422,54.15999984741211,55.060001373291016,49.61479568481445,1905800
2015-02-04,54.619998931884766,55.56999969482422,54.41999816894531,55.119998931884766,49.66884994506836,694200
2015-02-05,55.31999969482422,56.099998474121094,54.900001525878906,55.81999969482422,50.299617767333984,784500
2015-02-06,56.25,56.310001373291016,55.599998474121094,55.72999954223633,50.21852111816406,1032400
2015-02-09,55.70000076293945,56.34000015258789,55.2599983215332,56.08000183105469,50.53390884399414,971000
2015-02-10,56.22999954223633,57.279998779296875,55.900001525878906,57.13999938964844,51.48908233642578,1000500
2015-02-11,57.04999923706055,57.97999954223633,56.849998474121094,57.7400016784668,52.029747009277344,1044300
2015-02-12,57.880001068115234,58.25,57.560001373291016,57.7599983215332,52.27410125732422,752600
2015-02-13,57.779998779296875,58.38999938964844,57.720001220703125,57.97999954223633,52.47320556640625,986400
2015-02-17,57.65999984741211,58.15999984741211,57.209999084472656,57.84000015258789,52.34650421142578,823100
2015-02-18,57.599998474121094,57.9900016784668,57.36000061035156,57.9900016784668,52.48225784301758,589300
2015-02-19,57.4900016784668,58.439998626708984,57.130001068115234,58.0099983215332,52.5003547668457,575300
2015-02-20,57.77000045776367,57.90999984741211,56.81999969482422,57.54999923706055,52.084041595458984,750500
2015-02-23,57.54999923706055,58.33000183105469,57.369998931884766,58.33000183105469,52.78996658325195,661000
2015-02-24,58.34000015258789,58.54999923706055,57.689998626708984,57.88999938964844,52.391754150390625,621900
2015-02-25,57.900001525878906,58.119998931884766,57.4900016784668,57.84000015258789,52.34650421142578,392600
2015-02-26,57.54999923706055,58.04999923706055,57.150001525878906,57.209999084472656,51.77634048461914,553300
2015-02-27,57.119998931884766,57.599998474121094,56.790000915527344,57.11000061035156,51.68583679199219,588000
2015-03-02,57.11000061035156,58.27000045776367,56.529998779296875,58.25,52.71755599975586,771900
2015-03-03,58.099998474121094,59.119998931884766,57.83000183105469,57.970001220703125,52.464141845703125,918200
2015-03-04,57.849998474121094,59.2400016784668,57.31999969482422,59.0,53.39632034301758,1041800
2015-03-05,59.52000045776367,59.52000045776367,58.2400016784668,58.470001220703125,52.916664123535156,970100
2015-03-06,57.970001220703125,58.689998626708984,57.290000915527344,57.619998931884766,52.147396087646484,1041000
2015-03-09,57.75,58.0,57.43000030517578,57.72999954223633,52.246952056884766,969800
2015-03-10,57.2599983215332,57.2599983215332,56.0099983215332,56.31999969482422,50.97087478637695,1323400
2015-03-11,56.31999969482422,57.209999084472656,56.27000045776367,56.689998626708984,51.30572509765625,951800
2015-03-12,57.0099983215332,57.619998931884766,56.7599983215332,57.209999084472656,51.77634048461914,825300
2015-03-13,56.810001373291016,57.029998779296875,55.41999816894531,55.810001373291016,50.50931167602539,1072600
2015-03-16,55.84000015258789,56.0099983215332,55.18000030517578,55.529998779296875,50.25589370727539,894600
2015-03-17,55.150001525878906,55.36000061035156,54.40999984741211,55.0099983215332,49.785282135009766,832200
2015-03-18,54.709999084472656,56.529998779296875,54.119998931884766,56.18000030517578,50.844154357910156,1093400
2015-03-19,55.58000183105469,55.86000061035156,55.04999923706055,55.470001220703125,50.201595306396484,577600
2015-03-20,55.75,56.22999954223633,55.540000915527344,56.18000030517578,50.844154357910156,694100
2015-03-23,56.060001373291016,56.27000045776367,55.54999923706055,55.54999923706055,50.273990631103516,577900
2015-03-24,55.459999084472656,55.869998931884766,54.880001068115234,55.61000061035156,50.328304290771484,841300
2015-03-25,55.790000915527344,56.279998779296875,55.13999938964844,55.16999816894531,49.930084228515625,699000
2015-03-26,55.04999923706055,55.540000915527344,54.77000045776367,54.9900016784668,49.76717758178711,647600
2015-03-27,55.400001525878906,55.72999954223633,54.709999084472656,55.029998779296875,49.80338668823242,795000
2015-03-30,55.400001525878906,56.45000076293945,55.400001525878906,56.16999816894531,50.835113525390625,472200
2015-03-31,56.0099983215332,56.11000061035156,55.279998779296875,55.86000061035156,50.5545654296875,748200
2015-04-01,55.880001068115234,56.040000915527344,54.9900016784668,55.41999816894531,50.156341552734375,656100
2015-04-02,55.29999923706055,55.88999938964844,55.189998626708984,55.459999084472656,50.19254684448242,748500
2015-04-06,55.459999084472656,56.70000076293945,55.13999938964844,56.540000915527344,51.16997528076172,558500
2015-04-07,56.59000015258789,56.95000076293945,56.5,56.7599983215332,51.36907958984375,488800
2015-04-08,56.77000045776367,57.380001068115234,56.77000045776367,57.29999923706055,51.857784271240234,693200
2015-04-09,57.20000076293945,58.47999954223633,56.959999084472656,58.41999816894531,52.871402740478516,851800
2015-04-10,58.41999816894531,58.939998626708984,58.2599983215332,58.91999816894531,53.32392883300781,703000
2015-04-13,58.939998626708984,58.939998626708984,57.630001068115234,57.630001068115234,52.15644836425781,973100
2015-04-14,57.349998474121094,57.720001220703125,57.220001220703125,57.279998779296875,51.83969497680664,737000
2015-04-15,57.58000183105469,57.880001068115234,57.459999084472656,57.72999954223633,52.246952056884766,1426200
2015-04-16,57.36000061035156,58.560001373291016,57.31999969482422,58.13999938964844,52.61800765991211,1461300
2015-04-17,64.5,67.69999694824219,64.0199966430664,67.18000030517578,60.799415588378906,6750400
2015-04-20,67.33000183105469,67.5,66.13999938964844,66.54000091552734,60.220191955566406,2526200
2015-04-21,66.23999786376953,66.58999633789062,65.01000213623047,65.94000244140625,59.67717742919922,2039000
2015-04-22,65.94000244140625,66.61000061035156,65.58000183105469,65.75,59.50522232055664,1308100
2015-04-23,66.06999969482422,66.4000015258789,65.02999877929688,65.0999984741211,58.91695785522461,1386600
2015-04-24,65.36000061035156,66.16999816894531,65.2300033569336,65.8499984741211,59.59572219848633,1091700
2015-04-27,65.88999938964844,66.58000183105469,65.51000213623047,65.58000183105469,59.351375579833984,706300
2015-04-28,65.68000030517578,66.19000244140625,65.13999938964844,65.8499984741211,59.59572219848633,816800
2015-04-29,65.43000030517578,66.48999786376953,65.25,66.2699966430664,59.97584533691406,989800
2015-04-30,66.19999694824219,66.93000030517578,66.0,66.36000061035156,60.330406188964844,1131000
2015-05-01,66.26000213623047,67.37000274658203,66.01000213623047,67.16999816894531,61.06679916381836,757800
2015-05-04,67.06999969482422,67.30999755859375,66.62999725341797,66.95999908447266,60.87588119506836,928500
2015-05-05,67.18000030517578,67.69000244140625,66.61000061035156,66.62000274658203,60.56678009033203,1134300
2015-05-06,67.18000030517578,67.37000274658203,66.20999908447266,66.76000213623047,60.69405746459961,748100
2015-05-07,66.55999755859375,66.66999816894531,65.76000213623047,66.5,60.45767593383789,1314500
2015-05-08,66.19999694824219,67.91000366210938,66.19999694824219,67.30000305175781,61.18500518798828,661900
2015-05-11,67.25,67.3499984741211,66.37000274658203,66.44999694824219,60.4122200012207,597900
2015-05-12,66.30000305175781,66.36000061035156,65.41999816894531,65.7300033569336,59.75764465332031,666100
2015-05-13,65.70999908447266,66.70999908447266,65.63999938964844,66.5199966430664,60.475860595703125,585100
2015-05-14,67.2300033569336,67.4800033569336,66.75,66.93000030517578,60.84860610961914,779400
2015-05-15,66.83000183105469,67.0,66.33999633789062,67.0,60.91225814819336,363500
2015-05-18,66.98999786376953,67.63999938964844,66.36000061035156,67.5,61.3668212890625,730900
2015-05-19,67.69000244140625,67.87999725341797,66.68000030517578,67.01000213623047,60.92133712768555,437300
2015-05-20,66.91999816894531,67.83000183105469,66.80999755859375,67.44000244140625,61.31227111816406,592900
2015-05-21,67.62000274658203,68.41000366210938,67.2300033569336,68.0999984741211,61.91230392456055,791100
2015-05-22,67.8499984741211,68.20999908447266,67.47000122070312,67.8499984741211,61.68501663208008,531600
2015-05-26,67.69999694824219,67.7300033569336,66.93000030517578,67.2699966430664,61.157718658447266,976100
2015-05-27,67.3499984741211,68.3499984741211,67.22000122070312,68.29000091552734,62.08504867553711,828000
2015-05-28,68.04000091552734,68.72000122070312,67.80999755859375,68.63999938964844,62.40322494506836,860200
2015-05-29,68.75,69.02999877929688,68.4000015258789,68.8499984741211,62.594173431396484,1241800
2015-06-01,69.0,69.16000366210938,68.30000305175781,69.0999984741211,62.82143020629883,926600
2015-06-02,69.05999755859375,70.0,68.54000091552734,69.62000274658203,63.29420471191406,956000
2015-06-03,70.0,70.94999694824219,69.52999877929688,70.63999938964844,64.22152709960938,1062700
2015-06-04,70.08000183105469,70.41000366210938,69.43000030517578,69.79000091552734,63.448760986328125,903000
2015-06-05,69.66999816894531,70.19000244140625,69.23999786376953,70.1500015258789,63.77605056762695,777500
2015-06-08,69.88999938964844,70.16000366210938,69.58000183105469,69.73999786376953,63.40329360961914,1996200
2015-06-09,70.1500015258789,70.63999938964844,69.91999816894531,70.19999694824219,63.82148742675781,971500
2015-06-10,70.55000305175781,71.0199966430664,70.22000122070312,71.01000213623047,64.55789184570312,818100
2015-06-11,71.0,71.16999816894531,70.76000213623047,71.08000183105469,64.62154388427734,598000
2015-06-12,70.70999908447266,70.70999908447266,70.33000183105469,70.55000305175781,64.13970947265625,648800
2015-06-15,69.91999816894531,70.20999908447266,69.58999633789062,70.0,63.639671325683594,784600
2015-06-16,70.05000305175781,70.43000030517578,69.68000030517578,70.23999786376953,63.857872009277344,804400
2015-06-17,70.5,71.08000183105469,69.95999908447266,70.51000213623047,64.10332489013672,671600
2015-06-18,70.55999755859375,71.79000091552734,70.55000305175781,71.37999725341797,64.89427185058594,670700
2015-06-19,71.44999694824219,71.51000213623047,71.01000213623047,71.26000213623047,64.7851791381836,1048000
2015-06-22,71.41000366210938,71.9800033569336,71.0,71.70999908447266,65.19428253173828,1077700
2015-06-23,71.9000015258789,72.11000061035156,71.44999694824219,71.8499984741211,65.32156372070312,841700
2015-06-24,71.75,72.1500015258789,71.47000122070312,71.58000183105469,65.07611846923828,650900
2015-06-25,71.5999984741211,72.02999877929688,71.25,71.68000030517578,65.1670150756836,603500
2015-06-26,72.0199966430664,73.12999725341797,71.66999816894531,72.98999786376953,66.35798645019531,1472500
2015-06-29,72.05000305175781,72.72000122070312,71.55999755859375,71.69000244140625,65.17610168457031,1696400
2015-06-30,72.1500015258789,72.4800033569336,71.83999633789062,71.87999725341797,65.34884643554688,1279800
2015-07-01,72.48999786376953,72.51000213623047,71.91999816894531,72.0,65.45793914794922,952500
2015-07-02,72.12999725341797,74.19000244140625,71.88999938964844,73.72000122070312,67.02165985107422,1740900
2015-07-06,72.80000305175781,73.47000122070312,72.0,72.7699966430664,66.15797424316406,1386700
2015-07-07,72.61000061035156,72.69000244140625,70.2300033569336,71.83000183105469,65.30339813232422,1250200
2015-07-08,70.8499984741211,70.87000274658203,67.68000030517578,68.16000366210938,61.96684265136719,1851300
2015-07-09,68.94999694824219,69.52999877929688,67.38999938964844,67.63999938964844,61.49410629272461,2009100
2015-07-10,68.3499984741211,68.69000244140625,67.70999908447266,68.30000305175781,62.094146728515625,1579300
2015-07-13,68.7699966430664,69.62999725341797,68.45999908447266,69.48999786376953,63.176021575927734,1279900
2015-07-14,69.36000061035156,70.9000015258789,69.12999725341797,70.66000366210938,64.23970031738281,899800
2015-07-15,70.61000061035156,70.62999725341797,68.91999816894531,68.9800033569336,62.71236038208008,1721500
2015-07-16,69.19000244140625,69.45999908447266,68.30999755859375,69.20999908447266,62.92144775390625,1543900
2015-07-17,70.0,70.0,63.150001525878906,65.7699966430664,59.794010162353516,3681600
2015-07-20,66.0199966430664,66.62000274658203,65.26000213623047,66.2699966430664,60.248573303222656,1224000
2015-07-21,66.19000244140625,66.79000091552734,65.56999969482422,65.69999694824219,59.73038101196289,1502000
2015-07-22,65.31999969482422,66.0999984741211,64.87999725341797,64.94000244140625,59.039432525634766,1628800
2015-07-23,65.3499984741211,65.3499984741211,63.38999938964844,64.58999633789062,58.721214294433594,1707900
2015-07-24,64.5,64.80000305175781,62.029998779296875,62.470001220703125,56.793853759765625,1564900
2015-07-27,62.029998779296875,62.40999984741211,61.29999923706055,62.040000915527344,56.40292739868164,1610200
2015-07-28,62.689998626708984,64.27999877929688,62.529998779296875,64.12999725341797,58.30302047729492,1662200
2015-07-29,64.02999877929688,65.75,63.900001525878906,65.58000183105469,59.621273040771484,1589500
2015-07-30,65.58999633789062,66.0,64.94999694824219,65.80999755859375,60.105342864990234,1509300
2015-07-31,65.91000366210938,66.44999694824219,65.72000122070312,65.91999816894531,60.20579147338867,1301600
2015-08-03,65.81999969482422,66.1500015258789,64.69999694824219,65.27999877929688,59.62126541137695,1454300
2015-08-04,65.37000274658203,66.66000366210938,65.11000061035156,65.52999877929688,59.8495979309082,1079400
2015-08-05,66.13999938964844,66.86000061035156,65.66000366210938,65.76000213623047,60.059661865234375,418800
2015-08-06,65.9000015258789,66.30999755859375,64.45999908447266,65.08999633789062,59.4477424621582,1246300
2015-08-07,64.91000366210938,65.16000366210938,64.5999984741211,64.97000122070312,59.338138580322266,1018000
2015-08-10,65.62000274658203,67.06999969482422,64.97000122070312,66.9800033569336,61.17391586303711,654500
2015-08-11,65.87000274658203,65.87000274658203,63.83000183105469,64.94000244140625,59.310752868652344,2155800
2015-08-12,64.37000274658203,64.62000274658203,63.45000076293945,64.41000366210938,58.82668685913086,2268800
2015-08-13,64.44000244140625,65.0999984741211,64.0,64.69999694824219,59.091552734375,1236500
2015-08-14,64.69999694824219,65.12999725341797,63.959999084472656,64.06999969482422,58.51615905761719,1398800
2015-08-17,64.01000213623047,65.16999816894531,63.33000183105469,64.69000244140625,59.082420349121094,991400
2015-08-18,64.5199966430664,64.69000244140625,64.05999755859375,64.29000091552734,58.717098236083984,776800
2015-08-19,63.83000183105469,64.33999633789062,62.59000015258789,63.11000061035156,57.639373779296875,618800
2015-08-20,62.79999923706055,63.02000045776367,61.939998626708984,61.9900016784668,56.616458892822266,733400
2015-08-21,61.7599983215332,61.7599983215332,59.040000915527344,59.06999969482422,53.9495735168457,1662200
2015-08-24,55.720001220703125,58.13999938964844,54.349998474121094,55.880001068115234,51.036094665527344,2405100
2015-08-25,57.779998779296875,58.0099983215332,54.47999954223633,54.47999954223633,49.7574577331543,1790900
2015-08-26,55.75,56.7400016784668,54.65999984741211,56.5099983215332,51.611488342285156,1651300
2015-08-27,57.630001068115234,60.11000061035156,57.41999816894531,59.310001373291016,54.16878128051758,1544800
2015-08-28,59.02000045776367,60.27000045776367,58.72999954223633,59.970001220703125,54.771568298339844,942600
2015-08-31,59.70000076293945,61.06999969482422,59.0099983215332,60.63999938964844,55.38348388671875,1457300
2015-09-01,59.099998474121094,59.79999923706055,57.619998931884766,58.15999984741211,53.11845779418945,841400
2015-09-02,59.09000015258789,59.349998474121094,58.13999938964844,59.119998931884766,53.99525451660156,1480000
2015-09-03,59.47999954223633,60.54999923706055,58.849998474121094,60.04999923706055,54.84463119506836,1126100
2015-09-04,59.34000015258789,59.79999923706055,58.84000015258789,58.970001220703125,53.85824966430664,1011800
2015-09-08,60.18000030517578,60.59000015258789,59.5099983215332,60.369998931884766,55.13689041137695,1138400
2015-09-09,62.099998474121094,62.869998931884766,61.27000045776367,61.380001068115234,56.05934524536133,1691900
2015-09-10,61.63999938964844,61.849998474121094,60.88999938964844,61.34000015258789,56.02280807495117,841800
2015-09-11,61.0099983215332,61.279998779296875,60.43000030517578,61.029998779296875,55.73967742919922,1071700
2015-09-14,61.029998779296875,61.22999954223633,60.02000045776367,60.630001068115234,55.37435531616211,526700
2015-09-15,60.66999816894531,62.2400016784668,60.56999969482422,62.09000015258789,56.70779800415039,840800
2015-09-16,62.0,62.90999984741211,62.0,62.59000015258789,57.164451599121094,703600
2015-09-17,62.34000015258789,63.220001220703125,61.900001525878906,62.04999923706055,56.6712646484375,514700
2015-09-18,61.2400016784668,61.40999984741211,60.290000915527344,60.619998931884766,55.3652229309082,1059800
2015-09-21,61.0099983215332,62.34000015258789,61.0099983215332,61.34000015258789,56.02280807495117,574500
2015-09-22,60.4900016784668,60.54999923706055,59.45000076293945,60.279998779296875,55.054691314697266,1064400
2015-09-23,60.349998474121094,60.91999816894531,59.880001068115234,59.91999816894531,54.72589111328125,676400
2015-09-24,59.20000076293945,60.5,58.41999816894531,60.08000183105469,54.872032165527344,1082700
2015-09-25,60.75,60.790000915527344,59.63999938964844,60.189998626708984,54.97249221801758,637700
2015-09-28,59.599998474121094,59.66999816894531,56.18000030517578,56.189998626708984,51.3192253112793,1204100
2015-09-29,56.18000030517578,57.09000015258789,55.83000183105469,56.5099983215332,51.611488342285156,1060600
2015-09-30,57.310001373291016,59.290000915527344,56.599998474121094,59.16999816894531,54.0409049987793,1466600
2015-10-01,59.779998779296875,60.400001525878906,59.29999923706055,60.08000183105469,54.872032165527344,951400
2015-10-02,59.29999923706055,61.38999938964844,58.560001373291016,61.380001068115234,56.05934524536133,1165200
2015-10-05,61.939998626708984,63.849998474121094,61.7400016784668,63.209999084472656,57.73070526123047,1130700
2015-10-06,64.37999725341797,64.91999816894531,63.20000076293945,64.62000274658203,59.01848602294922,1156400
2015-10-07,64.66999816894531,65.9000015258789,64.12000274658203,65.48999786376953,59.81306838989258,966100
2015-10-08,65.2300033569336,67.06999969482422,65.2300033569336,66.83999633789062,61.046043395996094,708300
2015-10-09,66.91999816894531,67.47000122070312,64.8499984741211,65.01000213623047,59.37467956542969,973900
2015-10-12,64.0999984741211,64.58999633789062,63.5,64.2300033569336,58.66228485107422,1008800
2015-10-13,63.220001220703125,64.33000183105469,62.77000045776367,63.560001373291016,58.05037307739258,1050600
2015-10-14,63.310001373291016,64.02999877929688,63.15999984741211,63.7400016784668,58.21477127075195,861300
2015-10-15,64.12999725341797,64.16999816894531,62.70000076293945,64.16000366210938,58.59836196899414,899000
2015-10-16,64.41000366210938,64.7699966430664,63.06999969482422,64.33999633789062,58.76275634765625,1097200
2015-10-19,63.88999938964844,64.4800033569336,63.25,63.9900016784668,58.44309997558594,1057000
2015-10-20,64.76000213623047,67.38999938964844,64.73999786376953,65.81999969482422,60.11446762084961,2501800
2015-10-21,66.0,67.44999694824219,65.22000122070312,66.45999908447266,60.6989860534668,1236900
2015-10-22,67.43000030517578,69.48999786376953,67.43000030517578,68.69999694824219,62.744815826416016,1501900
2015-10-23,69.26000213623047,70.27999877929688,68.79000091552734,69.41000366210938,63.39328384399414,1531800
2015-10-26,69.16999816894531,70.0,68.56999969482422,69.88999938964844,63.831661224365234,911600
2015-10-27,69.54000091552734,69.91000366210938,68.4800033569336,68.97000122070312,62.99140167236328,1057600
2015-10-28,69.16999816894531,70.93000030517578,68.91000366210938,70.12999725341797,64.05084228515625,742800
2015-10-29,69.58999633789062,70.6500015258789,69.25,70.1500015258789,64.34439086914062,979800
2015-10-30,70.51000213623047,71.55000305175781,70.02999877929688,71.05000305175781,65.16989135742188,886900
2015-11-02,70.91000366210938,72.12000274658203,70.1500015258789,71.76000213623047,65.82112884521484,902900
2015-11-03,71.51000213623047,72.76000213623047,71.44000244140625,71.5,65.58264923095703,901500
2015-11-04,71.80999755859375,72.54000091552734,71.5,72.05000305175781,66.0871353149414,759500
2015-11-05,71.88999938964844,72.05000305175781,70.29000091552734,70.7300033569336,64.87638092041016,715300
2015-11-06,70.41999816894531,72.30000305175781,70.36000061035156,71.47000122070312,65.55513000488281,846400
2015-11-09,71.3499984741211,71.97000122070312,70.05000305175781,70.80999755859375,64.94976043701172,398300
2015-11-10,70.5999984741211,71.19000244140625,69.69000244140625,71.02999877929688,65.15155029296875,528000
2015-11-11,71.1500015258789,71.16000366210938,70.08000183105469,70.4000015258789,64.57368469238281,549600
2015-11-12,68.76000213623047,71.13999938964844,67.72000122070312,67.7300033569336,62.124664306640625,1707900
2015-11-13,67.83000183105469,70.91999816894531,67.80999755859375,70.19999694824219,64.3902359008789,1396000
2015-11-16,70.33999633789062,71.77999877929688,70.01000213623047,71.55000305175781,65.62850952148438,879500
2015-11-17,71.94999694824219,72.37000274658203,70.87999725341797,71.4800033569336,65.5643081665039,938000
2015-11-18,71.61000061035156,72.12999725341797,70.93000030517578,72.08999633789062,66.12380981445312,911600
2015-11-19,72.02999877929688,72.94999694824219,71.52999877929688,71.80000305175781,65.85781860351562,532000
2015-11-20,72.05999755859375,72.36000061035156,71.06999969482422,71.30000305175781,65.3991928100586,680000
2015-11-23,71.05000305175781,71.45999908447266,70.16999816894531,70.66999816894531,64.82134246826172,1147000
2015-11-24,70.30999755859375,71.62000274658203,69.73999786376953,71.37000274658203,65.46340942382812,1054500
2015-11-25,71.05999755859375,71.48999786376953,70.23999786376953,70.63999938964844,64.79383850097656,614900
2015-11-27,70.37999725341797,70.95999908447266,69.83999633789062,70.75,64.89471435546875,155700
2015-11-30,70.7300033569336,71.29000091552734,70.56999969482422,70.75,64.89471435546875,646300
2015-12-01,70.94999694824219,71.62000274658203,70.04000091552734,70.58999633789062,64.74796295166016,530700
2015-12-02,70.19000244140625,70.5999984741211,68.73999786376953,68.9800033569336,63.27120590209961,720100
2015-12-03,69.5,69.55000305175781,68.68000030517578,68.91000366210938,63.207000732421875,565600
2015-12-04,68.94999694824219,70.56999969482422,68.58000183105469,70.04000091552734,64.24347686767578,668700
2015-12-07,69.61000061035156,70.12000274658203,67.79000091552734,68.04000091552734,62.40900421142578,518100
2015-12-08,67.0,67.55000305175781,66.13999938964844,66.66000366210938,61.1431999206543,929200
2015-12-09,68.31999969482422,68.66999816894531,66.22000122070312,67.04000091552734,61.49176788330078,716500
2015-12-10,67.2300033569336,67.7699966430664,65.70999908447266,66.04000091552734,60.57452392578125,1011900
2015-12-11,65.0,66.23999786376953,64.73999786376953,65.44000244140625,60.0241813659668,587600
2015-12-14,64.87000274658203,65.37000274658203,63.90999984741211,65.04000091552734,59.657283782958984,805800
2015-12-15,65.83999633789062,66.77999877929688,65.7300033569336,66.52999877929688,61.02396774291992,948700
2015-12-16,67.06999969482422,67.83000183105469,66.22000122070312,67.26000213623047,61.693546295166016,794300
2015-12-17,67.51000213623047,67.66999816894531,65.72000122070312,65.91999816894531,60.46444320678711,568500
2015-12-18,65.3499984741211,66.3499984741211,64.87999725341797,65.16999816894531,59.77651596069336,1626000
2015-12-21,65.44999694824219,65.95999908447266,64.69999694824219,65.1500015258789,59.7581787109375,475900
2015-12-22,65.51000213623047,66.55999755859375,65.0,66.06999969482422,60.602020263671875,684700
2015-12-23,66.80000305175781,67.70999908447266,66.63999938964844,67.70999908447266,62.10630798339844,755700
2015-12-24,67.4000015258789,67.83000183105469,67.20999908447266,67.62000274658203,62.02375793457031,192800
2015-12-28,67.0999984741211,67.37999725341797,66.18000030517578,67.05000305175781,61.500938415527344,303600
2015-12-29,67.70999908447266,67.9800033569336,67.0999984741211,67.63999938964844,62.042110443115234,335000
2015-12-30,67.12000274658203,67.91000366210938,66.83999633789062,67.44000244140625,61.85865783691406,458900
2015-12-31,67.11000061035156,67.93000030517578,66.88999938964844,67.33000183105469,61.75775146484375,428400
2016-01-04,66.23999786376953,67.08999633789062,65.19000244140625,66.12999725341797,60.65706253051758,798700
2016-01-05,66.87000274658203,67.98999786376953,66.0,66.93000030517578,61.39085388183594,705200
2016-01-06,65.30000305175781,66.1500015258789,64.93000030517578,65.18000030517578,59.78569030761719,749500
2016-01-07,63.84000015258789,63.849998474121094,62.119998931884766,62.43000030517578,57.26328659057617,1115900
2016-01-08,62.709999084472656,63.369998931884766,62.040000915527344,62.18000030517578,57.03397750854492,727900
2016-01-11,63.0099983215332,63.220001220703125,61.709999084472656,62.29999923706055,57.1440315246582,992400
2016-01-12,63.029998779296875,63.90999984741211,61.61000061035156,63.31999969482422,58.07962417602539,1836900
2016-01-13,63.540000915527344,64.22000122070312,62.5099983215332,62.790000915527344,57.59348678588867,1263700
2016-01-14,63.02000045776367,63.52000045776367,61.189998626708984,63.0099983215332,57.795284271240234,1197300
2016-01-15,61.0,62.25,60.849998474121094,61.95000076293945,56.8230094909668,1026700
2016-01-19,62.540000915527344,62.79999923706055,59.540000915527344,60.63999938964844,55.62141418457031,1430200
2016-01-20,59.630001068115234,60.04999923706055,58.04999923706055,59.20000076293945,54.30059814453125,1304400
2016-01-21,59.22999954223633,60.119998931884766,58.91999816894531,59.279998779296875,54.37397766113281,1843400
2016-01-22,60.2599983215332,62.25,58.560001373291016,61.08000183105469,56.02500915527344,2868700
2016-01-25,60.810001373291016,60.95000076293945,59.59000015258789,59.63999938964844,54.704185485839844,1633400
2016-01-26,59.97999954223633,61.560001373291016,59.529998779296875,61.4900016784668,56.40107727050781,1138700
2016-01-27,61.38999938964844,62.72999954223633,60.939998626708984,61.65999984741211,56.557010650634766,1183600
2016-01-28,62.459999084472656,63.060001373291016,61.84000015258789,62.119998931884766,56.978939056396484,731300
2016-01-29,62.06999969482422,63.75,61.27000045776367,63.66999816894531,58.40066146850586,1628600
2016-02-01,62.349998474121094,62.439998626708984,61.02000045776367,61.470001220703125,56.38273620605469,1345200
2016-02-02,60.970001220703125,61.380001068115234,59.619998931884766,59.68000030517578,54.740875244140625,906800
2016-02-03,60.529998779296875,60.86000061035156,58.709999084472656,60.47999954223633,55.47467041015625,1117700
2016-02-04,60.45000076293945,62.54999923706055,60.45000076293945,60.86000061035156,55.823211669921875,1071500
2016-02-05,60.54999923706055,61.43000030517578,58.91999816894531,59.0099983215332,54.12632369995117,1196700
2016-02-08,58.029998779296875,58.4900016784668,55.06999969482422,56.40999984741211,51.74150466918945,2191600
2016-02-09,55.7599983215332,58.459999084472656,55.560001373291016,57.540000915527344,52.77798843383789,1525300
2016-02-10,57.849998474121094,58.9900016784668,56.63999938964844,56.939998626708984,52.22763442993164,1060800
2016-02-11,56.13999938964844,57.81999969482422,55.279998779296875,55.810001373291016,51.4622917175293,1139100
2016-02-12,56.34000015258789,57.40999984741211,55.66999816894531,57.310001373291016,52.84544372558594,995900
2016-02-16,57.869998931884766,59.0,57.40999984741211,58.689998626708984,54.11793518066406,928100
2016-02-17,59.349998474121094,60.150001525878906,59.13999938964844,59.459999084472656,54.82795333862305,822200
2016-02-18,59.65999984741211,59.959999084472656,58.720001220703125,59.150001525878906,54.54209899902344,898600
2016-02-19,58.959999084472656,59.11000061035156,57.880001068115234,59.0,54.403785705566406,885000
2016-02-22,59.7599983215332,61.189998626708984,59.349998474121094,61.13999938964844,56.3770751953125,957600
2016-02-23,60.7599983215332,61.099998474121094,58.27000045776367,58.66999816894531,54.099491119384766,945400
2016-02-24,58.130001068115234,59.310001373291016,57.4900016784668,59.220001220703125,54.606651306152344,788800
2016-02-25,59.58000183105469,59.970001220703125,58.7599983215332,59.95000076293945,55.27977752685547,1062600
2016-02-26,60.220001220703125,61.16999816894531,60.20000076293945,61.04999923706055,56.294090270996094,687600
2016-02-29,61.189998626708984,62.150001525878906,60.29999923706055,60.34000015258789,55.6393928527832,943600
2016-03-01,60.9900016784668,61.540000915527344,60.08000183105469,61.349998474121094,56.57072067260742,973100
2016-03-02,61.029998779296875,62.06999969482422,60.869998931884766,61.81999969482422,57.00410461425781,777100
2016-03-03,61.72999954223633,62.93000030517578,61.63999938964844,62.810001373291016,57.91697692871094,781700
2016-03-04,63.13999938964844,64.22000122070312,62.31999969482422,63.54999923706055,58.59933090209961,1124600
2016-03-07,63.40999984741211,64.47000122070312,63.06999969482422,64.1500015258789,59.152587890625,782400
2016-03-08,63.43000030517578,63.4900016784668,61.380001068115234,61.83000183105469,57.0133171081543,891600
2016-03-09,62.630001068115234,63.16999816894531,61.88999938964844,62.5099983215332,57.64034652709961,818600
2016-03-10,62.619998931884766,62.7400016784668,61.369998931884766,62.189998626708984,57.34527587890625,663000
2016-03-11,62.9900016784668,65.37000274658203,62.91999816894531,64.88999938964844,59.83493423461914,719000
2016-03-14,64.4000015258789,64.72000122070312,63.56999969482422,63.939998626708984,58.95895767211914,757900
2016-03-15,63.5,63.849998474121094,62.970001220703125,63.459999084472656,58.5163459777832,539800
2016-03-16,63.279998779296875,65.2300033569336,63.150001525878906,64.91999816894531,59.862606048583984,568100
2016-03-17,64.91000366210938,66.81999969482422,64.72000122070312,66.61000061035156,61.420955657958984,719200
2016-03-18,66.69000244140625,67.19999694824219,66.38999938964844,67.0,61.780582427978516,849700
2016-03-21,67.0199966430664,67.33000183105469,66.3499984741211,66.9800033569336,61.76213073730469,714100
2016-03-22,66.30000305175781,66.95999908447266,65.87999725341797,66.79000091552734,61.5869255065918,701500
2016-03-23,66.38999938964844,66.72000122070312,65.26000213623047,65.33999633789062,60.2498779296875,590900
2016-03-24,64.5999984741211,64.95999908447266,63.70000076293945,64.95999908447266,59.89949035644531,888000
2016-03-28,65.0199966430664,65.5199966430664,64.63999938964844,64.91999816894531,59.862606048583984,528300
2016-03-29,64.48999786376953,65.9800033569336,64.12000274658203,65.70999908447266,60.591060638427734,1204300
2016-03-30,66.41000366210938,67.13999938964844,65.95999908447266,66.02999877929688,60.88612747192383,742500
2016-03-31,65.93000030517578,66.02999877929688,65.33999633789062,65.5,60.397422790527344,618000
2016-04-01,65.0,66.86000061035156,64.61000061035156,66.62999725341797,61.43939971923828,973600
2016-04-04,66.45999908447266,66.62999725341797,65.79000091552734,66.22000122070312,61.06132888793945,789100
2016-04-05,65.36000061035156,66.63999938964844,65.36000061035156,65.87999725341797,60.747825622558594,893000
2016-04-06,65.79000091552734,67.16000366210938,65.29000091552734,67.13999938964844,61.90966033935547,833000
2016-04-07,66.58000183105469,67.16999816894531,65.16000366210938,65.5999984741211,60.489627838134766,667000
2016-04-08,66.72000122070312,67.29000091552734,66.4800033569336,66.9800033569336,61.76213073730469,951200
2016-04-11,67.41000366210938,68.19999694824219,66.95999908447266,67.04000091552734,61.81746292114258,789100
2016-04-12,67.33999633789062,68.69000244140625,66.94000244140625,68.33000183105469,63.0069694519043,943400
2016-04-13,68.94999694824219,69.22000122070312,68.33000183105469,69.19999694824219,63.80917739868164,607300
2016-04-14,69.20999908447266,70.0,69.05000305175781,69.33000183105469,63.929054260253906,699200
2016-04-15,69.36000061035156,70.12999725341797,69.0999984741211,69.30999755859375,63.91061782836914,684000
2016-04-18,68.68000030517578,69.98999786376953,68.5199966430664,69.86000061035156,64.41776275634766,1554800
2016-04-19,72.5999984741211,74.55000305175781,69.5199966430664,69.73999786376953,64.30712890625,2823800
2016-04-20,70.0199966430664,71.62000274658203,69.38999938964844,71.52999877929688,65.95767211914062,1571000
2016-04-21,71.4000015258789,71.9800033569336,70.63999938964844,70.72000122070312,65.21077728271484,821700
2016-04-22,71.08999633789062,72.66999816894531,71.08999633789062,72.27999877929688,66.64924621582031,980300
2016-04-25,71.8499984741211,72.18000030517578,70.4000015258789,70.80999755859375,65.29376983642578,970000
2016-04-26,70.87000274658203,72.16000366210938,70.87000274658203,71.4000015258789,65.83780670166016,791600
2016-04-27,70.91000366210938,71.87000274658203,70.69999694824219,71.5,65.93002319335938,891000
2016-04-28,70.83000183105469,71.94000244140625,70.58999633789062,70.81999969482422,65.6334457397461,679700
2016-04-29,71.41000366210938,71.61000061035156,69.91000366210938,70.69999694824219,65.52222442626953,985100
2016-05-02,71.08999633789062,71.58000183105469,70.20999908447266,71.25,66.03195190429688,1162600
2016-05-03,70.19999694824219,71.12000274658203,69.77999877929688,70.9800033569336,65.78173065185547,989400
2016-05-04,70.5199966430664,71.36000061035156,70.19000244140625,70.48999786376953,65.32759857177734,573100
2016-05-05,70.97000122070312,71.52999877929688,70.43000030517578,70.51000213623047,65.34615325927734,629600
2016-05-06,70.0199966430664,71.0999984741211,69.79000091552734,70.83000183105469,65.64271545410156,685000
2016-05-09,70.19999694824219,70.45999908447266,69.31999969482422,69.7699966430664,64.66033935546875,777500
2016-05-10,70.47000122070312,71.05999755859375,70.01000213623047,70.98999786376953,65.79100036621094,703600
2016-05-11,71.01000213623047,71.66999816894531,70.44999694824219,70.44999694824219,65.29054260253906,591000
2016-05-12,71.23999786376953,71.55999755859375,70.22000122070312,70.7300033569336,65.550048828125,661500
2016-05-13,70.48999786376953,71.41999816894531,69.8499984741211,69.94999694824219,64.8271713256836,728900
2016-05-16,70.20999908447266,71.37000274658203,70.08000183105469,70.95999908447266,65.76319122314453,783500
2016-05-17,70.93000030517578,71.7300033569336,70.41999816894531,71.02999877929688,65.82807922363281,837800
2016-05-18,70.61000061035156,71.33000183105469,69.68000030517578,70.12999725341797,64.99398803710938,652700
2016-05-19,69.79000091552734,70.33999633789062,69.13999938964844,69.5,64.41012573242188,705700
2016-05-20,69.98999786376953,70.5999984741211,69.4800033569336,70.22000122070312,65.077392578125,562500
2016-05-23,70.19000244140625,70.44000244140625,69.73999786376953,70.02999877929688,64.90129089355469,501100
2016-05-24,70.12000274658203,71.02999877929688,69.88999938964844,70.54000091552734,65.37395477294922,471900
2016-05-25,70.72000122070312,72.11000061035156,70.5999984741211,71.69000244140625,66.43973541259766,663300
2016-05-26,71.83999633789062,71.95999908447266,70.83000183105469,70.88999938964844,65.6983413696289,495000
2016-05-27,70.75,71.4000015258789,70.48999786376953,70.98999786376953,65.79100036621094,895500
2016-05-31,70.95999908447266,71.22000122070312,70.05000305175781,70.4800033569336,65.318359375,911700
2016-06-01,70.06999969482422,70.44000244140625,69.3499984741211,70.26000213623047,65.11446380615234,1001800
2016-06-02,69.8499984741211,70.7699966430664,69.66000366210938,70.61000061035156,65.43882751464844,878400
2016-06-03,70.27999877929688,70.87999725341797,69.91999816894531,70.66999816894531,65.49443054199219,693500
2016-06-06,71.0999984741211,71.80999755859375,70.83000183105469,71.44000244140625,66.20805358886719,820200
2016-06-07,71.36000061035156,72.27999877929688,71.36000061035156,71.83999633789062,66.5787353515625,1200900
2016-06-08,72.20999908447266,72.55000305175781,71.61000061035156,72.26000213623047,66.96797180175781,832700
2016-06-09,71.66000366210938,71.66000366210938,70.66000366210938,70.91999816894531,65.72611999511719,494100
2016-06-10,70.23999786376953,71.0199966430664,70.23999786376953,70.69000244140625,65.51296997070312,608600
2016-06-13,70.31999969482422,71.0,69.55999755859375,69.86000061035156,64.74374389648438,684700
2016-06-14,69.55999755859375,69.9000015258789,68.68000030517578,69.38999938964844,64.30817413330078,520000
2016-06-15,69.69999694824219,70.37999725341797,69.37999725341797,69.5999984741211,64.50279998779297,589600
2016-06-16,68.93000030517578,69.87999725341797,68.23999786376953,69.76000213623047,64.65106964111328,788200
2016-06-17,69.86000061035156,70.5199966430664,69.62999725341797,70.05000305175781,64.91983795166016,725100
2016-06-20,71.0,71.3499984741211,69.7300033569336,69.83000183105469,64.7159652709961,930900
2016-06-21,69.83000183105469,70.04000091552734,68.86000061035156,69.27999877929688,64.20623016357422,619900
2016-06-22,69.62000274658203,69.62000274658203,68.91000366210938,68.94999694824219,63.900413513183594,615100
2016-06-23,69.95999908447266,69.9800033569336,69.31999969482422,69.5999984741211,64.50279998779297,1007200
2016-06-24,67.2300033569336,67.61000061035156,64.83000183105469,65.47000122070312,60.675262451171875,1740900
2016-06-27,64.37999725341797,64.37999725341797,61.11000061035156,61.5099983215332,57.005271911621094,1738800
2016-06-28,62.70000076293945,62.91999816894531,61.88999938964844,62.63999938964844,58.052513122558594,949400
2016-06-29,63.599998474121094,64.4800033569336,63.040000915527344,64.41000366210938,59.69288635253906,1009700
2016-06-30,64.76000213623047,65.47000122070312,64.19000244140625,65.44999694824219,60.6567268371582,920500
2016-07-01,65.52999877929688,66.62999725341797,65.38999938964844,66.05000305175781,61.21278762817383,789700
2016-07-05,65.33000183105469,65.33000183105469,63.970001220703125,64.72000122070312,59.98019027709961,1211200
2016-07-06,64.2699966430664,65.0199966430664,63.56999969482422,64.72000122070312,59.98019027709961,924900
2016-07-07,65.08000183105469,65.87999725341797,64.98999786376953,65.33999633789062,60.55476760864258,742700
2016-07-08,66.20999908447266,67.37000274658203,66.05000305175781,67.13999938964844,62.222957611083984,631200
2016-07-11,67.29000091552734,68.0999984741211,66.80000305175781,67.0,62.09321212768555,581800
2016-07-12,67.62999725341797,68.70999908447266,67.62999725341797,68.56999969482422,63.548248291015625,643700
2016-07-13,68.73999786376953,69.16999816894531,68.54000091552734,69.05999755859375,64.0023422241211,791500
2016-07-14,70.0,70.0,69.37999725341797,69.73999786376953,64.63255310058594,497900
2016-07-15,70.0,70.69999694824219,69.62999725341797,70.56999969482422,65.40176391601562,1146400
2016-07-18,70.23999786376953,70.76000213623047,69.94000244140625,70.69000244140625,65.51296997070312,602200
2016-07-19,70.58000183105469,70.66000366210938,70.0199966430664,70.20999908447266,65.068115234375,394500
2016-07-20,70.2699966430664,71.18000030517578,69.94999694824219,71.05999755859375,65.85586547851562,465600
2016-07-21,70.73999786376953,71.04000091552734,69.55999755859375,69.83000183105469,64.7159652709961,651400
2016-07-22,69.83000183105469,70.33999633789062,69.27999877929688,70.23999786376953,65.09591674804688,690900
2016-07-25,70.12999725341797,70.12999725341797,69.19000244140625,70.01000213623047,64.88278198242188,1077900
2016-07-26,67.8499984741211,67.91000366210938,65.12000274658203,65.7300033569336,60.91622543334961,2781400
2016-07-27,65.58999633789062,65.95999908447266,64.1500015258789,65.4000015258789,60.61039352416992,1630300
2016-07-28,64.87000274658203,66.48999786376953,64.6500015258789,66.18000030517578,61.67274856567383,1411600
2016-07-29,65.37999725341797,66.08999633789062,63.38999938964844,63.41999816894531,59.1007194519043,2258000
2016-08-01,63.25,63.380001068115234,62.0099983215332,62.880001068115234,58.597496032714844,2010700
2016-08-02,62.810001373291016,62.90999984741211,62.0,62.470001220703125,58.21542739868164,1153800
2016-08-03,62.369998931884766,63.869998931884766,62.369998931884766,63.7400016784668,59.398921966552734,1009500
2016-08-04,63.56999969482422,64.3499984741211,63.56999969482422,64.05000305175781,59.68781661987305,705000
2016-08-05,64.45999908447266,65.12999725341797,64.13999938964844,64.79000091552734,60.37741470336914,715100
2016-08-08,65.01000213623047,65.5199966430664,64.69000244140625,64.94000244140625,60.5172004699707,1216300
2016-08-09,65.02999877929688,66.19999694824219,64.69000244140625,65.68000030517578,61.20680236816406,875100
2016-08-10,65.70999908447266,66.08999633789062,65.2699966430664,65.41999816894531,60.96450424194336,759600
2016-08-11,65.83000183105469,66.26000213623047,65.0199966430664,66.23999786376953,61.72865295410156,592900
2016-08-12,65.98999786376953,66.55000305175781,65.4800033569336,65.7300033569336,61.25339126586914,767000
2016-08-15,66.01000213623047,66.98999786376953,65.81999969482422,66.73999786376953,62.19459533691406,877300
2016-08-16,66.83999633789062,66.88999938964844,66.01000213623047,66.01000213623047,61.51432800292969,870500
2016-08-17,65.87999725341797,65.88999938964844,65.25,65.66000366210938,61.188167572021484,532700
2016-08-18,65.9000015258789,66.5199966430664,65.66000366210938,66.41000366210938,61.8870849609375,814200
2016-08-19,65.98999786376953,66.48999786376953,65.98999786376953,66.30000305175781,61.78457260131836,926700
2016-08-22,66.0,66.0,65.43000030517578,65.68000030517578,61.20680236816406,772100
2016-08-23,66.0,66.52999877929688,65.83000183105469,66.30999755859375,61.793888092041016,1031900
2016-08-24,66.08999633789062,66.55999755859375,65.94999694824219,65.9800033569336,61.48637390136719,804800
2016-08-25,65.77999877929688,66.19000244140625,65.51000213623047,65.9800033569336,61.48637390136719,960700
2016-08-26,66.11000061035156,66.2699966430664,64.87999725341797,65.20999908447266,60.7688102722168,1248200
2016-08-29,65.11000061035156,66.0199966430664,65.11000061035156,65.79000091552734,61.30931091308594,1193500
2016-08-30,65.79000091552734,65.9800033569336,64.44999694824219,64.6500015258789,60.24695587158203,1286600
2016-08-31,64.33999633789062,64.87999725341797,64.04000091552734,64.43000030517578,60.041927337646484,816900
2016-09-01,64.55999755859375,64.55999755859375,63.209999084472656,63.75,59.40824508666992,768500
2016-09-02,64.27999877929688,64.68000030517578,63.810001373291016,64.58999633789062,60.19103240966797,665400
2016-09-06,64.75,64.76000213623047,63.66999816894531,64.36000061035156,59.97670364379883,582500
2016-09-07,63.52000045776367,64.52999877929688,63.41999816894531,64.37999725341797,59.995330810546875,833800
2016-09-08,64.23999786376953,64.31999969482422,63.52000045776367,63.650001525878906,59.3150520324707,573600
2016-09-09,63.08000183105469,63.38999938964844,61.560001373291016,61.560001373291016,57.367393493652344,653200
2016-09-12,61.20000076293945,62.5099983215332,61.119998931884766,62.369998931884766,58.12223815917969,1477100
2016-09-13,61.619998931884766,61.869998931884766,60.650001525878906,60.970001220703125,56.817588806152344,688000
2016-09-14,60.849998474121094,61.529998779296875,60.59000015258789,61.43000030517578,57.24625015258789,988900
2016-09-15,61.36000061035156,62.11000061035156,61.16999816894531,62.02000045776367,57.79607391357422,683400
2016-09-16,61.5,61.65999984741211,60.959999084472656,61.29999923706055,57.12510681152344,987800
2016-09-19,61.77000045776367,62.52000045776367,61.47999954223633,62.08000183105469,57.85198211669922,661400
2016-09-20,62.31999969482422,62.540000915527344,61.36000061035156,61.7599983215332,57.553768157958984,635600
2016-09-21,62.16999816894531,62.88999938964844,61.66999816894531,62.7599983215332,58.48566818237305,886700
2016-09-22,63.22999954223633,63.689998626708984,62.810001373291016,63.150001525878906,58.84911346435547,1248000
2016-09-23,62.810001373291016,63.119998931884766,62.220001220703125,62.709999084472656,58.43907165527344,1109100
2016-09-26,62.68000030517578,63.150001525878906,62.310001373291016,62.90999984741211,58.625450134277344,955500
2016-09-27,62.59000015258789,63.91999816894531,62.5,63.7599983215332,59.41756057739258,1115300
2016-09-28,64.12000274658203,66.1500015258789,64.12000274658203,66.08000183105469,61.57956314086914,1838800
2016-09-29,66.0999984741211,66.54000091552734,65.19999694824219,65.62000274658203,61.1508903503418,664500
2016-09-30,65.93000030517578,66.88999938964844,65.7300033569336,66.55999755859375,62.02685546875,845600
2016-10-03,66.38999938964844,66.80000305175781,65.30000305175781,65.58999633789062,61.12293243408203,1339300
2016-10-04,65.9000015258789,66.86000061035156,65.1500015258789,65.22000122070312,60.77812957763672,1498300
2016-10-05,65.80999755859375,66.11000061035156,65.19000244140625,65.86000061035156,61.374534606933594,991200
2016-10-06,65.6500015258789,66.69000244140625,65.2699966430664,66.58000183105469,62.04550552368164,1252800
2016-10-07,66.83000183105469,66.9000015258789,65.5999984741211,66.05000305175781,61.55160903930664,1682800
2016-10-10,66.76000213623047,67.52999877929688,66.08000183105469,66.43000030517578,61.90570831298828,861200
2016-10-11,66.12999725341797,66.33999633789062,64.95999908447266,65.48999786376953,61.02973937988281,1389000
2016-10-12,65.43000030517578,65.68000030517578,64.62000274658203,64.83000183105469,60.41468811035156,947000
2016-10-13,63.61000061035156,64.05000305175781,63.040000915527344,63.63999938964844,59.30573654174805,1185500
2016-10-14,64.16999816894531,64.66999816894531,63.310001373291016,63.369998931884766,59.05411911010742,1486000
2016-10-17,63.470001220703125,64.26000213623047,63.02000045776367,63.58000183105469,59.24982833862305,2118500
2016-10-18,67.87999725341797,69.61000061035156,67.0999984741211,69.37000274658203,64.64550018310547,3468200
2016-10-19,69.7300033569336,70.7699966430664,69.4000015258789,70.54000091552734,65.73579406738281,1786800
2016-10-20,70.16000366210938,71.37000274658203,70.11000061035156,70.9000015258789,66.07130432128906,1356700
2016-10-21,70.01000213623047,71.12999725341797,69.95999908447266,70.6500015258789,65.83831787109375,1154600
2016-10-24,71.0199966430664,71.94000244140625,70.83000183105469,71.75,66.86339569091797,1290700
2016-10-25,71.76000213623047,72.36000061035156,71.33000183105469,71.7699966430664,66.88201904296875,1080900
2016-10-26,71.25,71.70999908447266,70.9000015258789,71.16999816894531,66.32289123535156,824700
2016-10-27,71.37999725341797,71.83000183105469,70.63999938964844,71.70999908447266,67.1658706665039,1066700
2016-10-28,71.73999786376953,73.0,71.73999786376953,72.31999969482422,67.73722076416016,1372200
2016-10-31,72.61000061035156,73.1500015258789,72.54000091552734,72.91999816894531,68.29918670654297,1132200
2016-11-01,73.30999755859375,74.06999969482422,71.86000061035156,72.41999816894531,67.83087921142578,1071000
2016-11-02,72.13999938964844,72.80999755859375,71.80999755859375,71.81999969482422,67.2688980102539,819800
2016-11-03,71.91999816894531,72.61000061035156,71.77999877929688,71.83999633789062,67.2876205444336,594100
2016-11-04,71.7300033569336,72.86000061035156,71.23999786376953,72.06999969482422,67.50305938720703,675900
2016-11-07,73.19999694824219,73.48999786376953,72.58000183105469,73.25,68.6082763671875,656800
2016-11-08,73.1500015258789,73.47000122070312,71.75,72.91999816894531,68.29918670654297,643500
2016-11-09,71.94000244140625,75.87000274658203,71.94000244140625,75.5999984741211,70.80935668945312,1216400
2016-11-10,75.77999877929688,77.48999786376953,75.77999877929688,76.29000091552734,71.45564270019531,1176200
2016-11-11,75.9000015258789,77.08999633789062,75.83000183105469,76.9800033569336,72.10191345214844,919900
2016-11-14,77.05999755859375,78.69000244140625,77.05999755859375,78.48999786376953,73.51622009277344,1857100
2016-11-15,78.30999755859375,79.08999633789062,77.80999755859375,78.68000030517578,73.69418334960938,1065500
2016-11-16,78.16000366210938,79.04000091552734,78.0199966430664,78.70999908447266,73.7222900390625,1160800
2016-11-17,79.06999969482422,79.30000305175781,78.33999633789062,78.66999816894531,73.6848373413086,1053300
2016-11-18,78.45999908447266,78.83000183105469,78.04000091552734,78.11000061035156,73.16030883789062,618800
2016-11-21,78.73999786376953,78.88999938964844,78.2699966430664,78.31999969482422,73.35698699951172,702300
2016-11-22,78.69999694824219,78.7300033569336,77.69000244140625,78.13999938964844,73.18838500976562,811300
2016-11-23,77.7699966430664,78.80999755859375,77.62000274658203,78.69000244140625,73.70356750488281,365800
2016-11-25,78.5199966430664,78.5999984741211,76.94999694824219,77.29000091552734,72.39227294921875,559800
2016-11-28,76.94000244140625,77.58999633789062,75.79000091552734,76.5999984741211,71.74600219726562,1515800
2016-11-29,76.19999694824219,77.73999786376953,76.19999694824219,77.16000366210938,72.2705078125,807200
2016-11-30,79.25,80.06999969482422,78.76000213623047,79.31999969482422,74.29363250732422,1413400
2016-12-01,80.05999755859375,80.30000305175781,78.7300033569336,78.80000305175781,73.80658721923828,1158700
2016-12-02,78.91000366210938,79.47000122070312,78.51000213623047,79.0999984741211,74.08757019042969,764200
2016-12-05,79.61000061035156,80.45999908447266,79.30999755859375,80.37000274658203,75.27708435058594,612300
2016-12-06,80.19999694824219,80.83000183105469,79.77999877929688,80.6500015258789,75.53934478759766,926200
2016-12-07,79.8499984741211,81.63999938964844,79.69000244140625,81.62999725341797,76.4572525024414,1597400
2016-12-08,82.08999633789062,83.47000122070312,82.0,83.20999908447266,77.93712615966797,945500
2016-12-09,83.08000183105469,83.48999786376953,82.16999816894531,82.77999877929688,77.53439331054688,832600
2016-12-12,82.94999694824219,83.5999984741211,82.54000091552734,83.0999984741211,77.83409881591797,626500
2016-12-13,84.4000015258789,84.97000122070312,82.97000122070312,83.30000305175781,78.02143096923828,534300
2016-12-14,83.0,83.83999633789062,81.66999816894531,81.73999786376953,76.56028747558594,956400
2016-12-15,81.58999633789062,83.7300033569336,81.55999755859375,82.9000015258789,77.64676666259766,953200
2016-12-16,82.66000366210938,83.0,81.2300033569336,81.6500015258789,76.47600555419922,1331500
2016-12-19,81.36000061035156,81.88999938964844,81.06999969482422,81.87999725341797,76.69140625,582000
2016-12-20,82.02999877929688,82.16999816894531,81.37999725341797,82.05000305175781,76.85063934326172,452800
2016-12-21,82.19000244140625,82.19000244140625,81.16000366210938,81.30000305175781,76.1481704711914,446600
2016-12-22,81.43000030517578,81.66000366210938,80.16999816894531,80.27999877929688,75.19280242919922,625300
2016-12-23,80.2300033569336,80.73999786376953,80.0199966430664,80.68000030517578,75.56745910644531,274800
2016-12-27,80.77999877929688,81.13999938964844,80.33000183105469,80.56999969482422,75.46441650390625,256400
2016-12-28,80.94999694824219,80.94999694824219,79.06999969482422,79.16000366210938,74.14376831054688,396900
2016-12-29,79.3499984741211,79.7699966430664,78.95999908447266,79.27999877929688,74.25616455078125,285500
2016-12-30,79.30000305175781,79.5,78.43000030517578,78.73999786376953,73.7503890991211,439600
2017-01-03,79.41999816894531,80.72000122070312,78.37999725341797,79.51000213623047,74.47160339355469,567800
2017-01-04,79.83999633789062,80.81999969482422,79.41000366210938,80.81999969482422,75.69857788085938,669500
2017-01-05,80.38999938964844,81.87999725341797,80.05999755859375,80.75,75.63302612304688,751100
2017-01-06,80.83000183105469,81.20999908447266,80.0999984741211,81.02999877929688,75.895263671875,530800
2017-01-09,80.73999786376953,81.4000015258789,80.12000274658203,80.55999755859375,75.4550552368164,579200
2017-01-10,81.02999877929688,82.51000213623047,80.52999877929688,81.33000183105469,76.17625427246094,712600
2017-01-11,81.41000366210938,83.08000183105469,81.41000366210938,82.98999786376953,77.73107147216797,754300
2017-01-12,82.76000213623047,83.43000030517578,81.81999969482422,83.29000091552734,78.01206970214844,655800
2017-01-13,83.30999755859375,84.01000213623047,82.44000244140625,82.5199966430664,77.29084777832031,397500
2017-01-17,81.94999694824219,82.0,81.01000213623047,81.4800033569336,76.31676483154297,427000
2017-01-18,81.62999725341797,82.62999725341797,81.26000213623047,82.55999755859375,77.32831573486328,962500
2017-01-19,82.81999969482422,83.27999877929688,81.69000244140625,82.20999908447266,77.00050354003906,864700
2017-01-20,82.62000274658203,83.20999908447266,81.87999725341797,82.72000122070312,77.47817993164062,450300
2017-01-23,82.4800033569336,84.05000305175781,82.33999633789062,83.87000274658203,78.55530548095703,851800
2017-01-24,84.37000274658203,85.68000030517578,84.08999633789062,85.66000366210938,80.23188781738281,798800
2017-01-25,85.70999908447266,86.68000030517578,85.29000091552734,86.55999755859375,81.0748519897461,795000
2017-01-26,86.62000274658203,87.62000274658203,86.08000183105469,86.80000305175781,81.29964447021484,730800
2017-01-27,85.80000305175781,86.12000274658203,84.41000366210938,85.0999984741211,79.70735931396484,992500
2017-01-30,84.56999969482422,84.62999725341797,83.12999725341797,84.12000274658203,78.78947448730469,752300
2017-01-31,84.22000122070312,84.77999877929688,83.6500015258789,84.4000015258789,79.05171203613281,1720200
2017-02-01,84.2300033569336,86.3499984741211,83.48999786376953,85.98999786376953,80.54096221923828,1487900
2017-02-02,86.7300033569336,88.91999816894531,86.72000122070312,87.69999694824219,82.14261627197266,1836900
2017-02-03,88.0,88.25,86.51000213623047,86.58999633789062,81.10294342041016,1161100
2017-02-06,86.31999969482422,88.23999786376953,86.08000183105469,88.05000305175781,82.4704360961914,2040500
2017-02-07,87.25,88.20999908447266,87.25,87.80999755859375,82.24565124511719,1617600
2017-02-08,87.69999694824219,88.06999969482422,86.93000030517578,87.66000366210938,82.10514831542969,798000
2017-02-09,87.83999633789062,88.36000061035156,87.30999755859375,87.86000061035156,82.29248046875,755300
2017-02-10,88.44999694824219,88.68000030517578,87.66999816894531,88.26000213623047,82.66712951660156,886300
2017-02-13,88.37999725341797,88.79000091552734,87.75,88.41999816894531,82.81698608398438,944400
2017-02-14,87.73999786376953,88.4800033569336,87.56999969482422,88.37999725341797,82.7795181274414,1026200
2017-02-15,88.61000061035156,89.05999755859375,87.83000183105469,89.04000091552734,83.39768981933594,988100
2017-02-16,88.63999938964844,89.94000244140625,88.63999938964844,89.02999877929688,83.72683715820312,819700
2017-02-17,89.0,89.7300033569336,88.5,89.63999938964844,84.3005142211914,1230400
2017-02-21,89.81999969482422,90.68000030517578,89.55000305175781,90.02999877929688,84.66728973388672,793300
2017-02-22,89.44999694824219,90.5199966430664,89.37000274658203,90.30000305175781,84.92118835449219,720200
2017-02-23,90.37000274658203,91.16999816894531,89.0999984741211,89.66999816894531,84.3287124633789,620400
2017-02-24,88.76000213623047,89.58000183105469,88.29000091552734,88.79000091552734,83.50113677978516,898300
2017-02-27,88.91999816894531,89.0,88.31999969482422,88.62999725341797,83.35066986083984,755900
2017-02-28,88.63999938964844,89.44000244140625,88.26000213623047,89.16999816894531,83.85850524902344,872300
2017-03-01,90.1500015258789,91.44999694824219,90.0999984741211,90.27999877929688,84.90237426757812,931200
2017-03-02,90.08000183105469,90.5,88.5,88.66000366210938,83.37889099121094,852100
2017-03-03,88.56999969482422,90.16000366210938,88.56999969482422,89.98999786376953,84.6296615600586,870600
2017-03-06,89.45999908447266,90.41000366210938,89.4000015258789,90.16999816894531,84.7989273071289,678500
2017-03-07,90.0199966430664,90.7300033569336,89.91999816894531,90.2300033569336,84.85536193847656,785300
2017-03-08,90.16999816894531,90.73999786376953,88.93000030517578,88.9800033569336,83.6798324584961,970000
2017-03-09,88.9000015258789,89.7300033569336,88.69999694824219,89.05999755859375,83.75507354736328,653800
2017-03-10,89.69999694824219,91.25,89.6500015258789,90.63999938964844,85.2409439086914,1106800
2017-03-13,90.55000305175781,91.63999938964844,90.4000015258789,91.58999633789062,86.13435363769531,815700
2017-03-14,90.2699966430664,91.55000305175781,90.2699966430664,90.76000213623047,85.35379028320312,656300
2017-03-15,91.5199966430664,92.75,91.43000030517578,92.45999908447266,86.95252990722656,723100
2017-03-16,93.05000305175781,93.05000305175781,91.08000183105469,91.5,86.04972839355469,560900
2017-03-17,92.01000213623047,92.2300033569336,91.29000091552734,91.94000244140625,86.4635009765625,1031300
2017-03-20,91.94000244140625,92.05000305175781,91.01000213623047,91.77999877929688,86.31304168701172,506600
2017-03-21,92.08000183105469,92.27999877929688,89.2300033569336,89.45999908447266,84.13123321533203,683000
2017-03-22,89.54000091552734,90.1500015258789,88.68000030517578,90.13999938964844,84.7707290649414,1251500
2017-03-23,89.87000274658203,90.93000030517578,88.52999877929688,90.30000305175781,84.92118835449219,964600
2017-03-24,90.26000213623047,90.61000061035156,89.05999755859375,89.47000122070312,84.14063262939453,728500
2017-03-27,88.16999816894531,90.12999725341797,88.04000091552734,89.94999694824219,84.59203338623047,654200
2017-03-28,90.20999908447266,91.20999908447266,89.8499984741211,89.91999816894531,84.56382751464844,1999900
2017-03-29,89.95999908447266,90.02999877929688,88.30000305175781,88.6500015258789,83.3694839477539,1914500
2017-03-30,88.9000015258789,90.58999633789062,88.80000305175781,89.88999938964844,84.5356216430664,1259500
2017-03-31,89.44999694824219,90.52999877929688,89.31999969482422,89.8499984741211,84.49799346923828,959900
2017-04-03,90.2699966430664,90.75,88.94000244140625,89.73999786376953,84.39456939697266,893100
2017-04-04,90.18000030517578,91.91000366210938,90.16999816894531,91.73999786376953,86.2754135131836,1223600
2017-04-05,92.3499984741211,93.05999755859375,91.2699966430664,91.45999908447266,86.01210021972656,1494700
2017-04-06,91.44999694824219,92.20999908447266,90.70999908447266,91.52999877929688,86.07792663574219,937000
2017-04-07,91.41999816894531,92.61000061035156,91.0199966430664,92.22000122070312,86.72683715820312,766700
2017-04-10,92.19999694824219,92.88999938964844,92.05000305175781,92.30999755859375,86.81146240234375,652500
2017-04-11,92.25,92.54000091552734,91.25,92.29000091552734,86.79264831542969,603300
2017-04-12,92.80999755859375,92.80999755859375,90.4800033569336,90.61000061035156,85.21273803710938,833300
2017-04-13,90.5,91.23999786376953,89.0,89.16000366210938,83.84911346435547,1022700
2017-04-17,89.0,90.76000213623047,88.72000122070312,90.5,85.10929107666016,1804700
2017-04-18,89.2699966430664,90.94000244140625,86.73999786376953,89.0999984741211,83.79267120361328,2247500
2017-04-19,89.33000183105469,89.86000061035156,87.06999969482422,87.77999877929688,82.55130767822266,1942500
2017-04-20,88.19999694824219,90.30999755859375,88.19999694824219,89.5,84.16885375976562,1259600
2017-04-21,89.44999694824219,90.5,88.38999938964844,88.4000015258789,83.1343765258789,1173400
2017-04-24,89.62999725341797,90.0,89.05999755859375,89.30000305175781,83.98075866699219,1111400
2017-04-25,89.94000244140625,90.38999938964844,89.11000061035156,89.11000061035156,83.80208587646484,1064700
2017-04-26,89.05999755859375,89.58999633789062,88.56999969482422,88.58999633789062,83.31305694580078,1013400
2017-04-27,88.2699966430664,88.63999938964844,87.56999969482422,87.91000366210938,83.1050796508789,770800
2017-04-28,87.7699966430664,88.22000122070312,86.7699966430664,87.04000091552734,82.28263092041016,1427100
2017-05-01,86.9800033569336,88.05999755859375,86.76000213623047,87.66999816894531,82.87818908691406,916500
2017-05-02,87.52999877929688,88.4000015258789,86.66000366210938,87.0199966430664,82.26371765136719,1232000
2017-05-03,86.5999984741211,87.11000061035156,85.5999984741211,85.62999725341797,80.94969177246094,1021500
2017-05-04,85.12999725341797,85.5199966430664,84.58000183105469,85.30999755859375,80.64718627929688,1474500
2017-05-05,85.5,86.51000213623047,85.5,86.4000015258789,81.67760467529297,797000
2017-05-08,86.48999786376953,86.70999908447266,85.61000061035156,86.18000030517578,81.46963500976562,1057300
2017-05-09,86.38999938964844,86.94999694824219,85.86000061035156,86.6500015258789,81.91394805908203,834100
2017-05-10,86.77999877929688,87.4000015258789,86.45999908447266,86.54000091552734,81.8099594116211,645700
2017-05-11,86.26000213623047,86.6500015258789,85.47000122070312,86.0,81.29947662353516,596000
2017-05-12,86.0199966430664,86.3499984741211,85.05999755859375,85.31999969482422,80.65663146972656,600900
2017-05-15,86.0999984741211,87.44000244140625,85.77999877929688,86.62000274658203,81.88558959960938,712100
2017-05-16,86.95999908447266,87.9800033569336,86.31999969482422,87.5999984741211,82.81201171875,789200
2017-05-17,86.58000183105469,86.62000274658203,83.86000061035156,83.87999725341797,79.29532623291016,813400
2017-05-18,83.83999633789062,84.43000030517578,83.33999633789062,83.79000091552734,79.21025848388672,747100
2017-05-19,84.37999725341797,85.68000030517578,84.22000122070312,84.43000030517578,79.81529235839844,690800
2017-05-22,87.95999908447266,87.95999908447266,84.52999877929688,85.2300033569336,80.57156372070312,776200
2017-05-23,85.70999908447266,87.30999755859375,85.1500015258789,87.19999694824219,82.43389129638672,1408400
2017-05-24,87.54000091552734,88.45999908447266,87.16000366210938,87.58999633789062,82.80257415771484,1122300
2017-05-25,87.83999633789062,88.22000122070312,86.63999938964844,87.30999755859375,82.53787231445312,652700
2017-05-26,87.0,87.31999969482422,86.38999938964844,87.11000061035156,82.34879302978516,532600
2017-05-30,87.0999984741211,87.33000183105469,86.36000061035156,86.55000305175781,81.81940460205078,942900
2017-05-31,86.43000030517578,86.9800033569336,85.05000305175781,86.55000305175781,81.81940460205078,1499900
2017-06-01,87.0,88.77999877929688,87.0,87.7699966430664,82.97271728515625,1411000
2017-06-02,87.72000122070312,88.13999938964844,87.08999633789062,88.04000091552734,83.22797393798828,962300
2017-06-05,88.12000274658203,88.30000305175781,86.66000366210938,86.83999633789062,82.09356689453125,2155500
2017-06-06,86.58999633789062,88.63999938964844,85.76000213623047,88.0,83.1901626586914,796100
2017-06-07,87.88999938964844,88.55000305175781,87.56999969482422,88.26000213623047,83.43595123291016,807500
2017-06-08,88.05000305175781,88.95999908447266,87.83999633789062,88.18000030517578,83.36031341552734,785200
2017-06-09,88.47000122070312,90.19000244140625,88.38999938964844,90.12000274658203,85.19428253173828,785600
2017-06-12,89.98999786376953,90.93000030517578,89.08000183105469,89.48999786376953,84.59870910644531,699900
2017-06-13,89.66000366210938,90.83000183105469,89.62000274658203,90.73999786376953,85.7803955078125,687600
2017-06-14,91.0,91.0,89.44999694824219,90.04000091552734,85.11865997314453,485800
2017-06-15,89.41000366210938,90.70999908447266,89.08999633789062,90.08999633789062,85.1659164428711,929100
2017-06-16,90.0999984741211,90.62000274658203,89.23999786376953,90.5199966430664,85.5724105834961,813200
2017-06-19,92.98999786376953,96.97000122070312,92.69999694824219,95.62999725341797,90.40312957763672,2143500
2017-06-20,95.1500015258789,95.7300033569336,93.7699966430664,94.33999633789062,89.18362426757812,1122400
2017-06-21,94.56999969482422,94.81999969482422,94.0199966430664,94.48999786376953,89.325439453125,1190100
2017-06-22,94.68000030517578,94.98999786376953,93.63999938964844,93.80000305175781,88.67315673828125,904800
2017-06-23,94.16000366210938,94.30999755859375,93.04000091552734,93.55999755859375,88.44625091552734,2331500
2017-06-26,94.0199966430664,94.45999908447266,93.30999755859375,93.76000213623047,88.63532257080078,532900
2017-06-27,94.70999908447266,94.70999908447266,92.45999908447266,92.80000305175781,87.72779846191406,767300
2017-06-28,93.55999755859375,94.05000305175781,92.9800033569336,93.41999816894531,88.31391143798828,1045900
2017-06-29,93.76000213623047,94.37000274658203,92.9800033569336,93.58999633789062,88.47461700439453,598800
2017-06-30,94.12999725341797,95.37999725341797,93.76000213623047,94.94000244140625,89.75082397460938,817100
2017-07-03,95.69999694824219,96.58000183105469,95.55000305175781,96.19999694824219,90.94197082519531,491600
2017-07-05,96.08999633789062,96.27999877929688,94.43000030517578,94.91999816894531,89.73193359375,651600
2017-07-06,94.77999877929688,95.54000091552734,94.77999877929688,95.06999969482422,89.87374877929688,672400
2017-07-07,95.06999969482422,96.56999969482422,94.48999786376953,96.13999938964844,90.88526153564453,579600
2017-07-10,95.54000091552734,96.36000061035156,95.30999755859375,96.1500015258789,90.89470672607422,612400
2017-07-11,96.37999725341797,97.16999816894531,96.06999969482422,96.38999938964844,91.12158203125,1129200
2017-07-12,97.02999877929688,97.83999633789062,96.75,97.79000091552734,92.44506072998047,594900
2017-07-13,97.7300033569336,98.25,97.0999984741211,97.80000305175781,92.45450592041016,602900
2017-07-14,97.91000366210938,99.04000091552734,97.83000183105469,98.68000030517578,93.28641510009766,647000
2017-07-17,98.9000015258789,99.12000274658203,98.33999633789062,98.86000061035156,93.45658874511719,777800
2017-07-18,99.29000091552734,99.97000122070312,98.54000091552734,98.88999938964844,93.48494720458984,876000
2017-07-19,99.36000061035156,99.9000015258789,98.69999694824219,99.79000091552734,94.33574676513672,846100
2017-07-20,99.80000305175781,99.80000305175781,98.02999877929688,98.30000305175781,92.92720031738281,839200
2017-07-21,98.1500015258789,98.86000061035156,97.16000366210938,97.66000366210938,92.32218170166016,733500
2017-07-24,97.66000366210938,98.4000015258789,96.97000122070312,97.75,92.4072494506836,768500
2017-07-25,96.25,97.73999786376953,95.0,96.25,90.98924255371094,1345200
2017-07-26,95.94999694824219,96.58000183105469,91.1500015258789,94.73999786376953,89.99185180664062,2427500
2017-07-27,94.7699966430664,94.7699966430664,92.94000244140625,93.36000061035156,88.68102264404297,585700
2017-07-28,93.30000305175781,94.9000015258789,92.66000366210938,94.58000183105469,89.83988189697266,1291500
2017-07-31,95.05000305175781,96.44000244140625,94.83000183105469,96.16999816894531,91.35018157958984,1351900
2017-08-01,96.4800033569336,96.79000091552734,95.55999755859375,96.12000274658203,91.30268859863281,964400
2017-08-02,95.80999755859375,97.31999969482422,95.69999694824219,96.80999755859375,91.95811462402344,795100
2017-08-03,96.80000305175781,97.4800033569336,96.5,96.83000183105469,91.97711181640625,1008700
2017-08-04,97.11000061035156,97.93000030517578,96.98999786376953,97.63999938964844,92.74651336669922,637800
2017-08-07,97.73999786376953,99.36000061035156,97.73999786376953,98.77999877929688,93.82937622070312,829600
2017-08-08,98.80999755859375,99.11000061035156,98.01000213623047,98.48999786376953,93.55390930175781,834900
2017-08-09,98.23999786376953,99.19999694824219,97.5199966430664,97.69000244140625,92.79401397705078,999200
2017-08-10,97.12000274658203,97.45999908447266,95.77999877929688,96.13999938964844,91.32170867919922,1043000
2017-08-11,95.26000213623047,97.16000366210938,95.26000213623047,96.70999908447266,91.86312103271484,784500
2017-08-14,97.12999725341797,98.04000091552734,97.12999725341797,97.5999984741211,92.70852661132812,593000
2017-08-15,97.94000244140625,98.91000366210938,97.5999984741211,97.9800033569336,93.06948852539062,818900
2017-08-16,98.44999694824219,98.70999908447266,97.76000213623047,98.16000366210938,93.24046325683594,788900
2017-08-17,97.86000061035156,98.36000061035156,96.52999877929688,96.58999633789062,91.74913787841797,521500
2017-08-18,96.5999984741211,96.61000061035156,95.31999969482422,95.7699966430664,90.9702377319336,1105600
2017-08-21,95.86000061035156,96.87000274658203,95.86000061035156,96.68000030517578,91.83463287353516,526000
2017-08-22,97.0,97.52999877929688,96.68000030517578,97.4000015258789,92.51853942871094,476800
2017-08-23,96.97000122070312,98.05999755859375,96.61000061035156,98.0199966430664,93.10747528076172,652500
2017-08-24,98.30000305175781,98.86000061035156,97.37000274658203,98.62000274658203,93.67740631103516,625700
2017-08-25,98.80999755859375,98.83999633789062,97.9800033569336,98.0,93.0884780883789,916800
2017-08-28,98.2300033569336,98.33000183105469,96.83000183105469,97.55000305175781,92.66104125976562,508000
2017-08-29,96.94999694824219,97.33999633789062,96.44000244140625,97.19999694824219,92.32857513427734,405100
2017-08-30,96.88999938964844,96.88999938964844,94.37999725341797,94.75,90.00135040283203,1597300
2017-08-31,95.30999755859375,97.16999816894531,95.01000213623047,97.0199966430664,92.15758514404297,848500
2017-09-01,97.43000030517578,98.29000091552734,96.81999969482422,98.05000305175781,93.13597869873047,506800
2017-09-05,98.08000183105469,98.7300033569336,96.58000183105469,96.72000122070312,91.87262725830078,759100
2017-09-06,97.05999755859375,97.27999877929688,96.01000213623047,97.05000305175781,92.18608856201172,1154700
2017-09-07,97.2300033569336,97.62999725341797,96.80000305175781,96.97000122070312,92.11009216308594,535300
2017-09-08,96.8499984741211,96.91999816894531,96.05999755859375,96.79000091552734,91.93911743164062,502200
2017-09-11,97.58999633789062,98.5199966430664,97.12999725341797,98.26000213623047,93.33544921875,886200
2017-09-12,98.79000091552734,99.86000061035156,98.52999877929688,99.08000183105469,94.1143569946289,730900
2017-09-13,99.4000015258789,99.51000213623047,98.6500015258789,99.2699966430664,94.2948226928711,735000
2017-09-14,99.06999969482422,100.41999816894531,98.77999877929688,99.97000122070312,94.95974731445312,779000
2017-09-15,99.80000305175781,100.7699966430664,99.4000015258789,100.08999633789062,95.07373046875,1482400
2017-09-18,100.29000091552734,101.76000213623047,99.93000030517578,101.56999969482422,96.47954559326172,902500
2017-09-19,101.72000122070312,102.70999908447266,101.31999969482422,102.45999908447266,97.32496643066406,680900
2017-09-20,103.08000183105469,104.75,102.91999816894531,103.94000244140625,98.73078918457031,756300
2017-09-21,103.62999725341797,104.11000061035156,103.23999786376953,103.9000015258789,98.69279479980469,457800
2017-09-22,103.7300033569336,104.55000305175781,103.56999969482422,104.19000244140625,98.9682388305664,355800
2017-09-25,104.0999984741211,104.0999984741211,102.55999755859375,103.11000061035156,97.9423828125,821200
2017-09-26,103.27999877929688,103.7699966430664,102.87999725341797,103.16999816894531,97.9993667602539,355600
2017-09-27,103.52999877929688,104.58000183105469,102.66999816894531,104.31999969482422,99.09173583984375,574700
2017-09-28,104.08999633789062,104.5,103.31999969482422,104.33999633789062,99.11072540283203,560200
2017-09-29,104.22000122070312,104.56999969482422,103.47000122070312,104.2699966430664,99.04424285888672,664800
2017-10-02,104.72000122070312,106.08999633789062,104.11000061035156,105.43000030517578,100.14608764648438,1003600
2017-10-03,105.55000305175781,107.23999786376953,105.5,107.11000061035156,101.74191284179688,754600
2017-10-04,107.12000274658203,108.1500015258789,106.73999786376953,107.08000183105469,101.71340942382812,1303900
2017-10-05,107.55000305175781,108.29000091552734,107.29000091552734,108.22000122070312,102.79627990722656,701300
2017-10-06,107.47000122070312,108.05000305175781,107.37000274658203,107.91999816894531,102.51129913330078,535900
2017-10-09,108.01000213623047,109.08999633789062,107.30999755859375,107.54000091552734,102.15036010742188,873700
2017-10-10,107.76000213623047,108.11000061035156,106.7699966430664,106.9000015258789,101.54243469238281,890300
2017-10-11,107.08999633789062,107.2300033569336,105.55000305175781,106.55999755859375,101.21947479248047,904100
2017-10-12,106.5199966430664,107.97000122070312,106.0999984741211,107.02999877929688,101.66590118408203,752900
2017-10-13,107.7699966430664,107.9800033569336,107.30999755859375,107.3499984741211,101.9698715209961,531300
2017-10-16,108.0999984741211,109.11000061035156,106.66999816894531,107.0999984741211,101.73239135742188,1199000
2017-10-17,107.0999984741211,108.08000183105469,101.87999725341797,104.2699966430664,99.04424285888672,1749900
2017-10-18,104.76000213623047,104.76000213623047,102.81999969482422,104.02999877929688,98.81626892089844,1054500
2017-10-19,103.16999816894531,105.29000091552734,103.05000305175781,105.29000091552734,100.01311492919922,872500
2017-10-20,105.30000305175781,105.93000030517578,105.12999725341797,105.5999984741211,100.30757904052734,489900
2017-10-23,105.63999938964844,105.81999969482422,105.13999938964844,105.16999816894531,99.89913940429688,616400
2017-10-24,105.62000274658203,106.19999694824219,104.94000244140625,105.75,100.45006561279297,644600
2017-10-25,105.55999755859375,105.72000122070312,103.81999969482422,104.45999908447266,99.22472381591797,619700
2017-10-26,105.0199966430664,106.55000305175781,105.0199966430664,106.05000305175781,100.73502349853516,814300
2017-10-27,105.5,105.86000061035156,104.5999984741211,105.02999877929688,100.2007827758789,763800
2017-10-30,104.68000030517578,105.04000091552734,103.91999816894531,104.83999633789062,100.0195083618164,747000
2017-10-31,104.66999816894531,104.83999633789062,104.08000183105469,104.30999755859375,99.51387786865234,491500
2017-11-01,105.0999984741211,105.8499984741211,104.6500015258789,105.36000061035156,100.5156021118164,843300
2017-11-02,105.5,107.08000183105469,105.27999877929688,106.7699966430664,101.86076354980469,931400
2017-11-03,106.47000122070312,107.33999633789062,105.77999877929688,106.12999725341797,101.25019836425781,483000
2017-11-06,106.08999633789062,106.36000061035156,105.54000091552734,106.30000305175781,101.41238403320312,702100
2017-11-07,106.30999755859375,107.30999755859375,106.22000122070312,106.86000061035156,101.94662475585938,548800
2017-11-08,106.8499984741211,106.98999786376953,106.05999755859375,106.27999877929688,101.39329528808594,424400
2017-11-09,105.47000122070312,105.73999786376953,104.58999633789062,104.93000030517578,100.10537719726562,295600
2017-11-10,104.91999816894531,105.80000305175781,104.91000366210938,105.72000122070312,100.85905456542969,805700
2017-11-13,104.87000274658203,106.08999633789062,104.63999938964844,105.80000305175781,100.93537139892578,431800
2017-11-14,105.66999816894531,105.80999755859375,104.66999816894531,104.88999938964844,100.06721496582031,548000
2017-11-15,104.55999755859375,104.55999755859375,102.86000061035156,103.12999725341797,98.38813781738281,857900
2017-11-16,103.1500015258789,104.80999755859375,103.12000274658203,104.2300033569336,99.43755340576172,499800
2017-11-17,104.2699966430664,104.86000061035156,103.80999755859375,104.69000244140625,99.87641143798828,409700
2017-11-20,104.52999877929688,106.02999877929688,104.48999786376953,105.76000213623047,100.89720916748047,428800
2017-11-21,106.44999694824219,107.30999755859375,106.05000305175781,107.08000183105469,102.1565170288086,461000
2017-11-22,107.33999633789062,107.33999633789062,105.55999755859375,105.93000030517578,101.05938720703125,363000
2017-11-24,106.20999908447266,107.13999938964844,106.04000091552734,106.72000122070312,101.81307220458984,171000
2017-11-27,106.5,107.51000213623047,106.30999755859375,106.83000183105469,101.91801452636719,434700
2017-11-28,106.87999725341797,108.23999786376953,106.68000030517578,107.69999694824219,102.74800872802734,509100
2017-11-29,107.91999816894531,108.01000213623047,106.36000061035156,106.87999725341797,101.96570587158203,512500
2017-11-30,106.8499984741211,108.08000183105469,106.16999816894531,107.23999786376953,102.30915832519531,502000
2017-12-01,107.80000305175781,107.80000305175781,105.2300033569336,106.48999786376953,101.5936508178711,429500
2017-12-04,107.80999755859375,108.04000091552734,106.55999755859375,106.80000305175781,101.88938903808594,446500
2017-12-05,106.91000366210938,107.25,105.70999908447266,105.86000061035156,100.99261474609375,628000
2017-12-06,105.9800033569336,106.08999633789062,105.2300033569336,105.61000061035156,100.75409698486328,1107400
2017-12-07,105.55000305175781,106.13999938964844,105.23999786376953,105.8499984741211,100.98307800292969,662500
2017-12-08,106.08999633789062,106.8499984741211,105.44999694824219,106.54000091552734,101.64134979248047,780700
2017-12-11,106.30999755859375,106.95999908447266,105.55000305175781,105.66000366210938,100.80181121826172,322800
2017-12-12,105.66000366210938,107.5199966430664,105.44999694824219,106.97000122070312,102.05157470703125,734200
2017-12-13,107.2300033569336,108.55999755859375,106.81999969482422,108.30999755859375,103.3299560546875,780400
2017-12-14,108.36000061035156,108.77999877929688,105.25,105.7300033569336,100.86859130859375,953400
2017-12-15,105.9000015258789,106.83000183105469,105.4800033569336,106.54000091552734,101.64134979248047,688700
2017-12-18,107.5999984741211,109.44999694824219,107.30000305175781,108.5,103.51122283935547,655200
2017-12-19,108.54000091552734,109.69999694824219,107.97000122070312,107.9800033569336,103.01513671875,610100
2017-12-20,108.68000030517578,108.7699966430664,107.68000030517578,107.72000122070312,102.76708984375,434700
2017-12-21,107.83000183105469,108.2300033569336,106.38999938964844,106.44000244140625,101.54595184326172,539700
2017-12-22,106.3499984741211,106.77999877929688,105.72000122070312,106.54000091552734,101.64134979248047,233700
2017-12-26,106.62000274658203,106.94000244140625,106.08999633789062,106.44000244140625,101.54595184326172,161800
2017-12-27,106.80000305175781,107.2699966430664,106.30000305175781,106.9000015258789,101.98480224609375,210200
2017-12-28,107.19000244140625,108.37999725341797,106.47000122070312,108.23999786376953,103.26316833496094,528600
2017-12-29,108.36000061035156,108.87000274658203,106.97000122070312,107.08000183105469,102.1565170288086,402300
2018-01-02,107.4000015258789,107.5199966430664,106.04000091552734,106.76000213623047,101.85123443603516,669000
2018-01-03,107.08000183105469,107.33000183105469,106.5999984741211,107.18000030517578,102.25192260742188,558100
2018-01-04,107.93000030517578,107.94999694824219,107.13999938964844,107.23999786376953,102.30915832519531,671700
2018-01-05,107.9800033569336,108.41999816894531,107.45999908447266,108.25,103.27272033691406,482600
2018-01-08,108.47000122070312,109.26000213623047,108.3499984741211,108.7300033569336,103.73065185546875,456300
2018-01-09,109.37000274658203,109.37000274658203,108.41000366210938,108.4800033569336,103.49214172363281,368400
2018-01-10,108.29000091552734,108.6500015258789,106.87000274658203,108.16999816894531,103.19639587402344,434000
2018-01-11,108.44999694824219,111.4800033569336,108.44999694824219,111.2699966430664,106.15385437011719,552000
2018-01-12,111.5,112.44000244140625,110.94999694824219,111.33999633789062,106.22064208984375,452600
2018-01-16,111.73999786376953,111.86000061035156,108.87999725341797,109.66999816894531,104.62744140625,675200
2018-01-17,110.43000030517578,111.45999908447266,110.01000213623047,110.76000213623047,105.66732788085938,469900
2018-01-18,110.36000061035156,111.33000183105469,109.70999908447266,111.02999877929688,105.9249038696289,668500
2018-01-19,111.36000061035156,113.33000183105469,110.80999755859375,112.95999908447266,107.76614379882812,699500
2018-01-22,112.69000244140625,112.75,110.5199966430664,111.12000274658203,106.0107650756836,690600
2018-01-23,110.72000122070312,111.0,108.87000274658203,110.41999816894531,105.34294891357422,670900
2018-01-24,110.62999725341797,111.44999694824219,109.56999969482422,110.0999984741211,105.03765869140625,689900
2018-01-25,110.80999755859375,112.86000061035156,110.04000091552734,112.33999633789062,107.1746597290039,1256700
2018-01-26,112.87000274658203,114.0,110.31999969482422,111.36000061035156,106.2397232055664,1319400
2018-01-29,111.6500015258789,112.01000213623047,110.3499984741211,111.0999984741211,105.99169158935547,941900
2018-01-30,110.54000091552734,111.19999694824219,108.83000183105469,109.80999755859375,104.76099395751953,803400
2018-01-31,110.66000366210938,110.76000213623047,107.6500015258789,108.16000366210938,103.18685150146484,865900
2018-02-01,107.51000213623047,108.51000213623047,106.31999969482422,106.80999755859375,101.89891815185547,507300
2018-02-02,106.0,106.55999755859375,104.69000244140625,105.08999633789062,100.25801849365234,862100
2018-02-05,104.83999633789062,106.27999877929688,100.5199966430664,100.66999816894531,96.04124450683594,939400
2018-02-06,99.4000015258789,104.12000274658203,98.0,103.26000213623047,98.51216125488281,1415200
2018-02-07,102.9800033569336,104.45999908447266,101.83000183105469,101.87999725341797,97.19561767578125,472200
2018-02-08,101.69000244140625,101.91000366210938,97.72000122070312,97.73999786376953,93.24595642089844,634500
2018-02-09,99.2300033569336,100.75,96.37999725341797,100.20999908447266,95.6023941040039,1080400
2018-02-12,101.4000015258789,102.62000274658203,100.12000274658203,101.04000091552734,96.39423370361328,584100
2018-02-13,101.01000213623047,101.56999969482422,100.08000183105469,101.1500015258789,96.49917602539062,494500
2018-02-14,100.2699966430664,103.5,99.8499984741211,102.77999877929688,98.0542221069336,748800
2018-02-15,103.61000061035156,103.61000061035156,101.7300033569336,103.11000061035156,98.36906433105469,531800
2018-02-16,102.47000122070312,103.36000061035156,101.5,102.48999786376953,98.21573638916016,363600
2018-02-20,102.0999984741211,102.77999877929688,101.58000183105469,102.37999725341797,98.11031341552734,589400
2018-02-21,102.69999694824219,103.9800033569336,102.29000091552734,102.43000030517578,98.15821838378906,400300
2018-02-22,103.04000091552734,103.7300033569336,102.16999816894531,102.54000091552734,98.2636489868164,543800
2018-02-23,103.26000213623047,104.13999938964844,102.5999984741211,103.94999694824219,99.61483764648438,317500
2018-02-26,104.01000213623047,104.33000183105469,102.4800033569336,103.93000030517578,99.59567260742188,443300
2018-02-27,103.9800033569336,104.41999816894531,102.83000183105469,102.83000183105469,98.54154968261719,439600
2018-02-28,102.9000015258789,104.02999877929688,100.83999633789062,100.86000061035156,96.65370178222656,510800
2018-03-01,101.05000305175781,104.20999908447266,100.83999633789062,103.27999877929688,98.9727783203125,1235200
2018-03-02,102.45999908447266,104.95999908447266,102.06999969482422,104.62999725341797,100.2664794921875,858700
2018-03-05,104.02999877929688,106.47000122070312,103.5,106.22000122070312,101.7901611328125,664200
2018-03-06,106.38999938964844,108.44999694824219,105.05999755859375,107.45999908447266,102.97846221923828,723200
2018-03-07,106.44000244140625,107.86000061035156,106.23999786376953,107.3499984741211,102.87303924560547,496600
2018-03-08,107.93000030517578,107.93000030517578,105.86000061035156,106.76000213623047,102.30765533447266,585900
2018-03-09,107.7300033569336,108.76000213623047,107.26000213623047,108.55000305175781,104.02300262451172,584500
2018-03-12,108.7300033569336,109.16999816894531,107.52999877929688,107.61000061035156,103.12220764160156,490300
2018-03-13,108.22000122070312,109.25,107.45999908447266,107.83000183105469,103.33302307128906,795000
2018-03-14,108.0999984741211,108.30999755859375,105.52999877929688,106.06999969482422,101.64642333984375,406300
2018-03-15,106.16999816894531,106.8499984741211,105.66000366210938,105.7300033569336,101.32060241699219,448000
2018-03-16,105.7300033569336,107.05000305175781,105.08999633789062,106.7300033569336,102.27890014648438,670700
2018-03-19,106.0999984741211,106.37000274658203,105.30999755859375,105.70999908447266,101.30143737792969,593600
2018-03-20,101.9000015258789,103.7300033569336,100.12999725341797,101.44000244140625,97.20950317382812,1901300
2018-03-21,101.79000091552734,105.05999755859375,101.33000183105469,104.08000183105469,99.73941802978516,1131300
2018-03-22,102.56999969482422,103.80000305175781,99.97000122070312,100.37999725341797,96.19371032714844,846000
2018-03-23,100.73999786376953,100.73999786376953,96.48999786376953,96.72000122070312,92.68635559082031,900500
2018-03-26,98.69000244140625,99.38999938964844,96.83999633789062,98.47000122070312,94.3633804321289,1072200
2018-03-27,98.95999908447266,100.06999969482422,98.01000213623047,98.75,94.63170623779297,1036000
2018-03-28,99.5999984741211,101.62999725341797,99.08000183105469,99.73999786376953,95.58041381835938,1303300
2018-03-29,100.51000213623047,101.41000366210938,100.05000305175781,100.20999908447266,96.03080749511719,1437300
2018-04-02,100.0199966430664,100.11000061035156,97.41000366210938,98.55999755859375,94.44962310791016,995900
2018-04-03,98.56999969482422,99.19000244140625,96.94999694824219,98.2300033569336,94.13338470458984,1157800
2018-04-04,96.5,98.91999816894531,95.44999694824219,98.8499984741211,94.72752380371094,1048500
2018-04-05,99.51000213623047,102.66999816894531,99.51000213623047,102.30999755859375,98.04322052001953,1065500
2018-04-06,101.37000274658203,102.48999786376953,98.72000122070312,99.91999816894531,95.75289916992188,1511900
2018-04-09,100.70999908447266,101.9800033569336,100.02999877929688,100.97000122070312,96.75911712646484,647500
2018-04-10,102.63999938964844,104.97000122070312,101.9800033569336,104.41999816894531,100.06523132324219,839900
2018-04-11,103.36000061035156,104.13999938964844,102.20999908447266,103.05999755859375,98.76195526123047,745600
2018-04-12,103.5199966430664,104.91999816894531,103.05000305175781,104.37000274658203,100.01732635498047,750300
2018-04-13,104.91999816894531,104.95999908447266,103.44000244140625,104.16000366210938,99.81607055664062,801300
2018-04-16,105.0999984741211,106.9000015258789,104.61000061035156,106.41999816894531,101.9818344116211,1204000
2018-04-17,112.06999969482422,113.22000122070312,109.1500015258789,110.37999725341797,105.77667999267578,1825800
2018-04-18,110.72000122070312,113.16000366210938,110.66999816894531,111.43000030517578,106.78289794921875,1398800
2018-04-19,111.55000305175781,111.93000030517578,110.31999969482422,111.19000244140625,106.55290222167969,960000
2018-04-20,111.19999694824219,112.11000061035156,110.63999938964844,111.69999694824219,107.04161834716797,867700
2018-04-23,112.16999816894531,112.95999908447266,111.19000244140625,111.63999938964844,106.98413848876953,666100
2018-04-24,111.7699966430664,112.55000305175781,107.62999725341797,109.36000061035156,104.7992172241211,1000000
2018-04-25,109.11000061035156,110.26000213623047,108.22000122070312,109.55999755859375,104.99087524414062,640000
2018-04-26,109.54000091552734,111.16999816894531,109.22000122070312,111.01000213623047,106.38040924072266,586900
2018-04-27,110.5999984741211,110.83999633789062,108.61000061035156,109.29000091552734,105.24408721923828,977500
2018-04-30,109.62000274658203,109.91000366210938,108.5,108.66999816894531,104.64703369140625,793400
2018-05-01,107.94999694824219,108.5,103.27999877929688,105.41999816894531,101.5173568725586,1590700
2018-05-02,106.0199966430664,108.19999694824219,106.0199966430664,107.08000183105469,103.11590576171875,1132600
2018-05-03,106.87000274658203,107.68000030517578,105.1500015258789,106.30999755859375,102.3744125366211,903100
2018-05-04,105.55999755859375,108.91999816894531,105.4800033569336,108.41000366210938,104.39666748046875,718700
2018-05-07,108.56999969482422,109.5999984741211,108.13999938964844,108.54000091552734,104.52185821533203,892500
2018-05-08,108.37000274658203,109.9000015258789,108.05000305175781,108.70999908447266,104.6855697631836,726800
2018-05-09,109.30999755859375,110.25,108.80999755859375,109.19000244140625,105.14779663085938,957100
2018-05-10,109.30999755859375,110.30000305175781,109.30999755859375,109.5999984741211,105.54261779785156,503300
2018-05-11,109.33999633789062,110.0,107.95999908447266,108.05000305175781,104.04999542236328,923100
2018-05-14,108.58000183105469,109.20999908447266,107.4000015258789,108.19999694824219,104.1944351196289,1001300
2018-05-15,107.3499984741211,108.52999877929688,106.2300033569336,108.25,104.24259948730469,755000
2018-05-16,108.51000213623047,112.0999984741211,108.51000213623047,111.11000061035156,106.99671173095703,1175200
2018-05-17,113.23999786376953,114.58000183105469,112.0,113.9000015258789,109.68342590332031,1916100
2018-05-18,114.0,115.4800033569336,113.5999984741211,114.06999969482422,109.84713745117188,866100
2018-05-21,114.5999984741211,115.55000305175781,114.45999908447266,114.77999877929688,110.53085327148438,574300
2018-05-22,115.70999908447266,116.33999633789062,113.69999694824219,113.87999725341797,109.6641616821289,893000
2018-05-23,112.88999938964844,113.91000366210938,112.37999725341797,113.83999633789062,109.62564849853516,810800
2018-05-24,113.86000061035156,114.80999755859375,113.72000122070312,113.87000274658203,109.65454864501953,555600
2018-05-25,113.13999938964844,114.87000274658203,112.9800033569336,114.43000030517578,110.19380950927734,715700
2018-05-29,113.4800033569336,115.20999908447266,113.29000091552734,114.0999984741211,109.87602996826172,945600
2018-05-30,114.66000366210938,115.51000213623047,114.31999969482422,114.94999694824219,110.6945571899414,763700
2018-05-31,114.75,115.4000015258789,112.83999633789062,112.91999816894531,108.73970794677734,1770500
2018-06-01,114.12000274658203,115.76000213623047,113.98999786376953,115.19000244140625,110.92567443847656,773200
2018-06-04,115.44000244140625,115.93000030517578,114.8499984741211,115.3499984741211,111.07974243164062,844300
2018-06-05,115.16000366210938,115.80000305175781,114.43000030517578,114.97000122070312,110.71382141113281,1292100
2018-06-06,115.68000030517578,118.01000213623047,115.0999984741211,117.97000122070312,113.60275268554688,1294800
2018-06-07,117.70999908447266,118.4000015258789,116.47000122070312,117.02999877929688,112.69756317138672,739900
2018-06-08,116.72000122070312,117.36000061035156,116.05000305175781,117.11000061035156,112.77458953857422,584100
2018-06-11,117.11000061035156,117.58999633789062,116.69999694824219,117.05999755859375,112.7264404296875,433900
2018-06-12,116.91000366210938,117.5,115.66999816894531,116.02999877929688,111.73457336425781,774200
2018-06-13,116.2699966430664,117.4000015258789,115.48999786376953,115.66999816894531,111.38790893554688,1257600
2018-06-14,115.81999969482422,116.3499984741211,114.36000061035156,115.0999984741211,110.83899688720703,718900
2018-06-15,115.12999725341797,116.9800033569336,114.4000015258789,116.95999908447266,112.6301498413086,1209300
2018-06-18,116.22000122070312,116.37000274658203,114.23999786376953,114.56999969482422,110.32862854003906,956500
2018-06-19,113.58999633789062,113.58999633789062,111.41999816894531,112.12999725341797,107.97895050048828,1426200
2018-06-20,112.75,112.80999755859375,110.95999908447266,111.91999816894531,107.77672576904297,774300
2018-06-21,112.0,112.19999694824219,110.98999786376953,111.30000305175781,107.17967987060547,582600
2018-06-22,112.37000274658203,114.16000366210938,112.06999969482422,114.0,109.77973937988281,1217100
2018-06-25,113.69999694824219,113.69999694824219,110.0,111.11000061035156,106.99671173095703,968700
2018-06-26,111.2699966430664,112.44999694824219,110.25,111.08999633789062,106.97745513916016,687300
2018-06-27,111.38999938964844,113.33000183105469,110.05000305175781,110.2699966430664,106.18780517578125,754800
2018-06-28,110.37999725341797,111.12000274658203,107.91000366210938,110.69000244140625,106.5922622680664,992200
2018-06-29,111.19000244140625,113.05000305175781,111.02999877929688,111.05999755859375,106.94855499267578,700100
2018-07-02,110.06999969482422,111.54000091552734,109.16999816894531,111.41000366210938,107.2856216430664,621200
2018-07-03,112.29000091552734,112.97000122070312,110.61000061035156,111.0199966430664,106.91004180908203,479100
2018-07-05,111.70999908447266,112.56999969482422,111.26000213623047,112.12000274658203,107.96932220458984,725400
2018-07-06,111.86000061035156,112.94999694824219,110.8499984741211,112.43000030517578,108.2678451538086,611300
2018-07-09,112.75,114.16000366210938,112.75,113.69999694824219,109.49082946777344,783500
2018-07-10,113.5999984741211,114.7699966430664,113.01000213623047,114.0999984741211,109.87602996826172,628400
2018-07-11,113.12999725341797,113.76000213623047,111.56999969482422,112.3499984741211,108.19080352783203,712200
2018-07-12,113.1500015258789,113.30999755859375,111.1500015258789,111.66000366210938,107.5263671875,817300
2018-07-13,111.27999877929688,111.79000091552734,110.66000366210938,110.7699966430664,106.66929626464844,756800
2018-07-16,110.81999969482422,111.19000244140625,108.06999969482422,108.56999969482422,104.55074310302734,1221300
2018-07-17,108.56999969482422,110.47000122070312,108.19000244140625,110.13999938964844,106.06262969970703,1452800
2018-07-18,110.3499984741211,111.5199966430664,110.19999694824219,110.95999908447266,106.85226440429688,1020000
2018-07-19,110.37999725341797,111.43000030517578,108.94000244140625,109.9800033569336,105.9085464477539,1051000
2018-07-20,114.5,114.79000091552734,111.13999938964844,113.33000183105469,109.13452911376953,2897700
2018-07-23,113.83999633789062,114.45999908447266,112.44000244140625,113.05999755859375,108.87451934814453,1525600
2018-07-24,113.76000213623047,115.7699966430664,113.31999969482422,114.12999725341797,109.90491485595703,1557100
2018-07-25,114.16999816894531,114.23999786376953,112.68000030517578,113.9800033569336,109.76046752929688,1171900
2018-07-26,113.48999786376953,116.33000183105469,113.27999877929688,116.02999877929688,112.2664566040039,1131000
2018-07-27,116.41999816894531,116.44999694824219,114.94000244140625,115.62999725341797,111.87943267822266,575100
2018-07-30,115.63999938964844,116.91000366210938,115.0199966430664,115.23999786376953,111.50209045410156,921700
2018-07-31,116.70999908447266,118.23999786376953,115.70999908447266,118.11000061035156,114.27899169921875,1102100
2018-08-01,117.54000091552734,118.51000213623047,115.12000274658203,117.16999816894531,113.3694839477539,1133600
2018-08-02,116.69000244140625,116.69000244140625,114.76000213623047,115.19000244140625,111.45369720458984,857500
2018-08-03,115.4000015258789,116.26000213623047,115.04000091552734,115.9000015258789,112.14067077636719,1153300
2018-08-06,115.83000183105469,117.37000274658203,115.58999633789062,116.5999984741211,112.8179702758789,877900
2018-08-07,116.91000366210938,117.97000122070312,116.68000030517578,116.86000061035156,113.06953430175781,650500
2018-08-08,116.93000030517578,117.80000305175781,116.55000305175781,117.08000183105469,113.28240966796875,887200
2018-08-09,117.06999969482422,118.47000122070312,116.87999725341797,117.6500015258789,113.83390808105469,883100
2018-08-10,117.0,117.27999877929688,114.83999633789062,116.51000213623047,112.73088836669922,674100
2018-08-13,116.36000061035156,117.58000183105469,115.4800033569336,115.94999694824219,112.18904876708984,627500
2018-08-14,116.30000305175781,117.18000030517578,116.02999877929688,116.70999908447266,112.92440795898438,634900
2018-08-15,115.75,115.83999633789062,112.9800033569336,114.51000213623047,110.79576873779297,1166700
2018-08-16,115.45999908447266,116.12999725341797,114.97000122070312,115.2300033569336,111.4924087524414,685400
2018-08-17,114.66000366210938,116.04000091552734,114.47000122070312,115.69000244140625,111.93748474121094,567500
2018-08-20,116.25,116.9800033569336,115.56999969482422,115.73999786376953,111.9858627319336,500900
2018-08-21,115.91999816894531,117.30000305175781,115.91999816894531,116.83999633789062,113.0501937866211,695700
2018-08-22,117.25,117.45999908447266,116.37999725341797,116.75,112.96310424804688,494900
2018-08-23,116.55999755859375,116.55999755859375,114.9000015258789,115.38999938964844,111.64722442626953,894900
2018-08-24,116.0,116.51000213623047,115.52999877929688,116.16000366210938,112.3922348022461,940200
2018-08-27,116.5999984741211,118.16999816894531,116.5999984741211,117.7699966430664,113.95001983642578,747800
2018-08-28,118.2699966430664,119.29000091552734,116.9000015258789,117.43000030517578,113.62104797363281,711200
2018-08-29,117.06999969482422,117.95999908447266,116.16000366210938,117.18000030517578,113.379150390625,595600
2018-08-30,116.76000213623047,117.0,115.70999908447266,116.81999969482422,113.03083801269531,696400
2018-08-31,116.55999755859375,117.41000366210938,116.30999755859375,116.83000183105469,113.04051208496094,551100
2018-09-04,116.3499984741211,116.3499984741211,113.8499984741211,114.58999633789062,110.87316131591797,893800
2018-09-05,114.52999877929688,116.04000091552734,114.33999633789062,114.9800033569336,111.25052642822266,773100
2018-09-06,115.33000183105469,116.3499984741211,114.16999816894531,115.30999755859375,111.56980895996094,619300
2018-09-07,114.87999725341797,115.91000366210938,114.1500015258789,115.0199966430664,111.28922271728516,966300
2018-09-10,115.58999633789062,116.26000213623047,114.02999877929688,114.31999969482422,110.61193084716797,481300
2018-09-11,113.83999633789062,115.30999755859375,113.12000274658203,114.86000061035156,111.13441467285156,959100
2018-09-12,114.7300033569336,114.77999877929688,112.4000015258789,112.48999786376953,108.8412857055664,767500
2018-09-13,113.11000061035156,113.69999694824219,112.26000213623047,113.18000030517578,109.50889587402344,645400
2018-09-14,113.01000213623047,113.86000061035156,112.20999908447266,113.16999816894531,109.49922180175781,645900
2018-09-17,113.30000305175781,114.05000305175781,112.44999694824219,113.38999938964844,109.71208953857422,1068300
2018-09-18,113.51000213623047,114.01000213623047,112.19000244140625,113.45999908447266,109.77983093261719,754400
2018-09-19,113.26000213623047,115.6500015258789,113.19999694824219,114.62999725341797,110.911865234375,919700
2018-09-20,115.62000274658203,117.75,115.30000305175781,116.86000061035156,113.06953430175781,1061600
2018-09-21,117.36000061035156,117.97000122070312,115.75,116.22000122070312,112.4502944946289,828900
2018-09-24,116.41999816894531,117.13999938964844,115.94999694824219,116.63999938964844,112.85667419433594,887200
2018-09-25,116.69999694824219,116.7300033569336,115.83000183105469,116.0,112.23743438720703,868900
2018-09-26,115.63999938964844,115.63999938964844,114.1500015258789,114.16000366210938,110.45712280273438,847600
2018-09-27,114.56999969482422,114.8499984741211,113.22000122070312,113.93000030517578,110.23457336425781,976800
2018-09-28,113.52999877929688,114.5999984741211,113.26000213623047,114.0,110.30230712890625,796400
2018-10-01,114.87999725341797,115.68000030517578,113.58000183105469,114.08999633789062,110.38938903808594,631800
2018-10-02,114.05999755859375,114.37000274658203,112.87999725341797,113.52999877929688,109.84754180908203,768100
2018-10-03,113.87000274658203,114.93000030517578,112.41000366210938,114.13999938964844,110.43775939941406,1127600
2018-10-04,114.13999938964844,114.51000213623047,112.8499984741211,113.63999938964844,109.95397186279297,879400
2018-10-05,113.26000213623047,113.86000061035156,109.66000366210938,110.0999984741211,106.52880096435547,1466600
2018-10-08,110.08999633789062,111.19999694824219,109.0999984741211,109.20999908447266,105.66767883300781,1499200
2018-10-09,108.22000122070312,108.48999786376953,101.95999908447266,102.0,98.69153594970703,2282400
2018-10-10,101.83999633789062,102.6500015258789,99.41000366210938,100.48999786376953,97.23050689697266,2517000
2018-10-11,99.7699966430664,102.30000305175781,97.80999755859375,98.30999755859375,95.1212158203125,1516400
2018-10-12,100.0,101.04000091552734,97.66999816894531,98.68000030517578,95.47921752929688,1033300
2018-10-15,98.30999755859375,98.83999633789062,97.8499984741211,97.94999694824219,94.77289581298828,1386300
2018-10-16,98.47000122070312,100.47000122070312,97.97000122070312,100.02999877929688,96.78543090820312,1370000
2018-10-17,101.33000183105469,101.33000183105469,99.55999755859375,99.75,96.5145263671875,1111000
2018-10-18,99.37000274658203,100.72000122070312,97.0,97.16999816894531,94.01820373535156,2185400
2018-10-19,102.01000213623047,103.12000274658203,98.33999633789062,99.62000274658203,96.38873291015625,2740400
2018-10-22,100.1500015258789,100.61000061035156,97.86000061035156,99.25,96.03072357177734,1495400
2018-10-23,97.5199966430664,100.75,96.94999694824219,100.08999633789062,96.84347534179688,1657900
2018-10-24,100.0,100.36000061035156,93.0999984741211,93.36000061035156,90.331787109375,1862500
2018-10-25,94.44000244140625,97.33000183105469,93.81999969482422,96.41000366210938,93.28285217285156,1422200
2018-10-26,94.08999633789062,96.80999755859375,92.95999908447266,95.98999786376953,93.39962005615234,1720100
2018-10-29,98.11000061035156,99.0,92.68000030517578,93.81999969482422,91.28816986083984,2271300
2018-10-30,93.44999694824219,95.87999725341797,93.27999877929688,95.68000030517578,93.09798431396484,1230600
2018-10-31,97.04000091552734,98.19999694824219,96.54000091552734,96.94000244140625,94.323974609375,1679600
2018-11-01,98.12999725341797,100.0199966430664,97.5199966430664,99.54000091552734,96.85381317138672,932000
2018-11-02,100.5,102.37000274658203,100.38999938964844,101.58000183105469,98.8387680053711,2136800
2018-11-05,101.70999908447266,102.69000244140625,100.38999938964844,101.3499984741211,98.6149673461914,1450100
2018-11-06,101.3499984741211,103.33999633789062,101.3499984741211,103.25,100.46369171142578,851700
2018-11-07,104.27999877929688,106.69000244140625,103.77999877929688,106.30999755859375,103.44110870361328,1650800
2018-11-08,105.43000030517578,106.55000305175781,104.70999908447266,104.91999816894531,102.08863067626953,1981500
2018-11-09,103.97000122070312,103.97000122070312,101.2699966430664,102.76000213623047,99.98692321777344,1240600
2018-11-12,102.88999938964844,103.0999984741211,99.77999877929688,99.97000122070312,97.272216796875,1271300
2018-11-13,100.48999786376953,102.5999984741211,99.94000244140625,100.1500015258789,97.44734954833984,1012700
2018-11-14,101.04000091552734,102.0999984741211,100.11000061035156,101.12999725341797,98.4009017944336,1001700
2018-11-15,100.18000030517578,103.12999725341797,100.05000305175781,102.44999694824219,99.68528747558594,1096500
2018-11-16,101.5999984741211,102.83000183105469,100.47000122070312,102.47000122070312,99.70475769042969,1245700
2018-11-19,101.83000183105469,102.19999694824219,100.4000015258789,101.69000244140625,98.94580078125,1322600
2018-11-20,100.19999694824219,101.06999969482422,98.41000366210938,100.26000213623047,97.55438995361328,1565300
2018-11-21,101.26000213623047,103.44000244140625,101.26000213623047,101.94000244140625,99.18904876708984,1052000
2018-11-23,101.02999877929688,103.48999786376953,100.94000244140625,102.80000305175781,100.0258560180664,936100
2018-11-26,103.41999816894531,104.44000244140625,102.72000122070312,104.0,101.19346618652344,1706200
2018-11-27,102.91000366210938,103.08999633789062,99.75,100.22000122070312,97.51546478271484,2469000
2018-11-28,100.22000122070312,100.69000244140625,97.83999633789062,100.48999786376953,97.77818298339844,1829200
2018-11-29,100.3499984741211,101.9000015258789,99.19999694824219,100.55000305175781,97.8365707397461,1225300
2018-11-30,99.8499984741211,101.73999786376953,99.8499984741211,100.93000030517578,98.20630645751953,1470500
2018-12-03,103.33000183105469,104.91999816894531,100.51000213623047,101.6500015258789,98.9068832397461,1098800
2018-12-04,101.44000244140625,102.02999877929688,95.9800033569336,96.04000091552734,93.4482650756836,1097400
2018-12-06,94.30999755859375,94.80999755859375,92.5199966430664,94.66000366210938,92.10550689697266,1384400
2018-12-07,94.91999816894531,95.77999877929688,91.19999694824219,91.26000213623047,88.79725646972656,1330200
2018-12-10,91.08999633789062,91.52999877929688,88.20999908447266,89.7300033569336,87.30855560302734,1498800
2018-12-11,91.56999969482422,92.4800033569336,88.12000274658203,88.5199966430664,86.1312026977539,1141600
2018-12-12,90.08999633789062,90.3499984741211,88.73999786376953,88.7699966430664,86.37445068359375,1177900
2018-12-13,88.87999725341797,89.36000061035156,87.30999755859375,87.80999755859375,85.44036102294922,984800
2018-12-14,86.98999786376953,88.52999877929688,85.80999755859375,86.69000244140625,84.35059356689453,986100
2018-12-17,86.54000091552734,86.75,83.9000015258789,84.41000366210938,82.13212585449219,966200
2018-12-18,84.9000015258789,85.73999786376953,84.5999984741211,85.48999786376953,83.18296813964844,1174300
2018-12-19,85.75,87.18000030517578,84.29000091552734,84.7699966430664,82.48239135742188,1412200
2018-12-20,88.33999633789062,90.25,87.37999725341797,88.70999908447266,86.31607055664062,7411100
2018-12-21,88.81999969482422,89.77999877929688,86.2300033569336,86.88999938964844,84.5451889038086,25292600
2018-12-24,85.73999786376953,86.63999938964844,84.36000061035156,84.45999908447266,82.1807632446289,1416400
2018-12-26,84.73999786376953,87.70999908447266,82.91000366210938,87.70999908447266,85.34305572509766,2062600
2018-12-27,86.6500015258789,89.62999725341797,85.97000122070312,89.62000274658203,87.2015151977539,1971000
2018-12-28,90.01000213623047,90.68000030517578,89.16999816894531,89.48999786376953,87.07501983642578,1456200
2018-12-31,89.69999694824219,90.91000366210938,88.69999694824219,89.97000122070312,87.54206848144531,1226000
2019-01-02,88.58000183105469,91.5,87.86000061035156,91.20999908447266,88.74861145019531,1849700
2019-01-03,90.8499984741211,90.94999694824219,87.2300033569336,87.87999725341797,85.50846862792969,1635000
2019-01-04,89.66000366210938,91.81999969482422,89.05999755859375,91.45999908447266,88.99187469482422,1451200
2019-01-07,91.18000030517578,93.13999938964844,89.93000030517578,92.31999969482422,89.82865905761719,1175700
2019-01-08,92.23999786376953,93.79000091552734,92.2300033569336,93.61000061035156,91.0838394165039,1936000
2019-01-09,93.62000274658203,95.0,92.68000030517578,94.04000091552734,91.50224304199219,1020200
2019-01-10,93.33999633789062,94.7699966430664,92.73999786376953,94.43000030517578,91.88170623779297,1048100
2019-01-11,93.4800033569336,95.29000091552734,93.2300033569336,94.76000213623047,92.20281982421875,1155800
2019-01-14,93.72000122070312,95.38999938964844,93.33999633789062,94.73999786376953,92.18334197998047,1268700
2019-01-15,94.0,94.68000030517578,92.87999725341797,93.97000122070312,91.43413543701172,1214200
2019-01-16,93.95999908447266,95.5199966430664,93.95999908447266,94.6500015258789,92.09577941894531,1349800
2019-01-17,93.91000366210938,96.16999816894531,93.45999908447266,96.16000366210938,93.56503295898438,2102000
2019-01-18,96.73999786376953,98.33000183105469,96.0199966430664,97.80999755859375,95.17049407958984,1345300
2019-01-22,97.18000030517578,97.22000122070312,94.55999755859375,95.7300033569336,93.14663696289062,1240700
2019-01-23,95.95999908447266,96.22000122070312,92.91000366210938,93.37000274658203,90.85032653808594,2010700
2019-01-24,93.2699966430664,95.73999786376953,93.2699966430664,95.68000030517578,93.09798431396484,1185300
2019-01-25,96.98999786376953,97.72000122070312,96.5,97.2699966430664,94.64507293701172,1141400
2019-01-28,96.5,97.79000091552734,95.94000244140625,97.6500015258789,95.01481628417969,1977600
2019-01-29,92.26000213623047,96.44000244140625,92.25,96.26000213623047,93.6623306274414,2626900
2019-01-30,96.98999786376953,98.38999938964844,95.63999938964844,97.80999755859375,95.17049407958984,1215900
2019-01-31,96.66999816894531,96.75,95.2699966430664,95.76000213623047,93.17582702636719,1661300
2019-02-01,95.94000244140625,98.87000274658203,95.77999877929688,98.70999908447266,96.04621124267578,1185500
2019-02-04,98.79000091552734,99.33999633789062,97.80999755859375,99.33999633789062,96.6592025756836,1278200
2019-02-05,98.87999725341797,99.83999633789062,98.25,98.72000122070312,96.05593872070312,936600
2019-02-06,97.62999725341797,98.91000366210938,97.4000015258789,98.48999786376953,95.8321533203125,849100
2019-02-07,97.8499984741211,98.2300033569336,95.23999786376953,96.0199966430664,93.42880249023438,808300
2019-02-08,95.18000030517578,96.06999969482422,94.55999755859375,96.02999877929688,93.43853759765625,1213700
2019-02-11,96.44999694824219,96.86000061035156,95.52999877929688,95.9800033569336,93.38988494873047,1123000
2019-02-12,97.0,99.38999938964844,97.0,99.27999877929688,96.60083770751953,1511900
2019-02-13,99.52999877929688,100.1500015258789,98.79000091552734,98.81999969482422,96.15324401855469,811700
2019-02-14,98.37000274658203,100.0999984741211,98.22000122070312,99.54000091552734,96.85381317138672,921500
2019-02-15,100.13999938964844,100.51000213623047,99.43000030517578,100.26000213623047,98.08650207519531,1337400
2019-02-19,99.25,101.44000244140625,98.33999633789062,100.94999694824219,98.76153564453125,1019200
2019-02-20,101.11000061035156,103.26000213623047,100.87999725341797,102.72000122070312,100.49317932128906,875600
2019-02-21,103.05999755859375,103.55999755859375,102.04000091552734,102.5,100.27793884277344,1149000
2019-02-22,103.19000244140625,104.01000213623047,102.88999938964844,103.73999786376953,101.4910659790039,852100
2019-02-25,104.30999755859375,104.80999755859375,103.86000061035156,104.12000274658203,101.86282348632812,735900
2019-02-26,103.9800033569336,104.58000183105469,102.6500015258789,102.68000030517578,100.45404052734375,845300
2019-02-27,102.44999694824219,103.77999877929688,102.31999969482422,103.38999938964844,101.14865112304688,782600
2019-02-28,103.12000274658203,103.33000183105469,102.02999877929688,102.29000091552734,100.0724868774414,1070700
2019-03-01,103.23999786376953,104.37999725341797,102.48999786376953,102.80000305175781,100.57144165039062,893200
2019-03-04,103.41999816894531,104.13999938964844,101.33999633789062,102.75,100.52252197265625,987700
2019-03-05,102.61000061035156,103.37000274658203,101.91000366210938,102.72000122070312,100.49317932128906,1094100
2019-03-06,102.94000244140625,104.33999633789062,102.5,103.05999755859375,100.8258056640625,898500
2019-03-07,102.58999633789062,103.0,100.11000061035156,101.58000183105469,99.37789154052734,1103100
2019-03-08,100.70999908447266,101.0,99.44000244140625,99.77999877929688,97.61690521240234,1048100
2019-03-11,100.30999755859375,101.5199966430664,99.6500015258789,101.48999786376953,99.28983306884766,810000
2019-03-12,101.76000213623047,102.25,101.0,101.18000030517578,98.98655700683594,818600
2019-03-13,101.69000244140625,102.5199966430664,101.20999908447266,101.81999969482422,99.61268615722656,721000
2019-03-14,101.48999786376953,101.80999755859375,99.93000030517578,100.37000274658203,98.19412231445312,1112400
2019-03-15,100.30000305175781,101.36000061035156,99.95999908447266,101.2300033569336,99.03547668457031,2198500
2019-03-18,101.29000091552734,101.56999969482422,99.7699966430664,101.3499984741211,99.15287017822266,861900
2019-03-19,101.97000122070312,102.80000305175781,100.5,100.94999694824219,98.76153564453125,644400
2019-03-20,100.95999908447266,101.31999969482422,99.38999938964844,101.0,98.81045532226562,1165700
2019-03-21,100.83000183105469,103.18000030517578,100.83000183105469,102.68000030517578,100.45404052734375,553600
2019-03-22,101.66000366210938,101.66000366210938,98.08000183105469,98.13999938964844,96.01245880126953,771200
2019-03-25,97.9800033569336,98.61000061035156,96.56999969482422,96.7300033569336,94.6330337524414,849100
2019-03-26,97.41999816894531,98.26000213623047,96.66999816894531,97.08999633789062,94.98522186279297,1099700
2019-03-27,97.0999984741211,97.98999786376953,96.43000030517578,96.98999786376953,94.88739013671875,1177300
2019-03-28,97.12000274658203,98.36000061035156,96.98999786376953,98.27999877929688,96.14942932128906,782000
2019-03-29,98.5199966430664,99.18000030517578,98.04000091552734,98.61000061035156,96.4722671508789,774200
2019-04-01,99.4800033569336,101.38999938964844,99.45999908447266,101.2300033569336,99.03547668457031,845100
2019-04-02,101.66999816894531,102.38999938964844,101.04000091552734,101.80999755859375,99.60289764404297,864200
2019-04-03,102.70999908447266,103.87999725341797,102.44999694824219,103.19999694824219,100.9627685546875,892300
2019-04-04,103.69000244140625,104.97000122070312,103.41000366210938,104.9000015258789,102.62591552734375,1073700
2019-04-05,105.29000091552734,106.20999908447266,105.08000183105469,105.76000213623047,103.46726989746094,863800
2019-04-08,105.0,105.81999969482422,102.45999908447266,102.61000061035156,100.38555908203125,1685100
2019-04-09,101.66999816894531,101.97000122070312,100.43000030517578,101.62000274658203,99.41702270507812,723600
2019-04-10,102.13999938964844,102.22000122070312,100.4800033569336,101.80999755859375,99.60289764404297,761200
2019-04-11,102.0,102.69999694824219,101.62999725341797,102.0999984741211,99.8866195678711,563300
2019-04-12,103.41000366210938,105.36000061035156,102.87000274658203,105.30000305175781,103.01724243164062,1479400
2019-04-15,104.83999633789062,105.8499984741211,103.66999816894531,103.98999786376953,101.73564147949219,523600
2019-04-16,104.22000122070312,105.56999969482422,104.0999984741211,105.37000274658203,103.08573150634766,754300
2019-04-17,106.19999694824219,109.01000213623047,105.4000015258789,105.44000244140625,103.15420532226562,1057800
2019-04-18,106.01000213623047,106.51000213623047,104.30000305175781,105.19000244140625,102.90962219238281,896500
2019-04-22,104.75,105.79000091552734,104.3499984741211,104.47000122070312,102.20523834228516,1044100
2019-04-23,110.20999908447266,113.83999633789062,109.0999984741211,112.16999816894531,109.73831176757812,1956300
2019-04-24,112.26000213623047,112.83999633789062,110.73999786376953,110.88999938964844,108.48605346679688,1480200
2019-04-25,110.43000030517578,110.43000030517578,108.06999969482422,108.69999694824219,106.3435287475586,984600
2019-04-26,108.23999786376953,109.58000183105469,107.83999633789062,108.55999755859375,106.8158187866211,573600
2019-04-29,108.63999938964844,108.8499984741211,107.41999816894531,107.83000183105469,106.0975570678711,1255700
2019-04-30,107.9000015258789,108.80000305175781,107.44000244140625,107.88999938964844,106.15658569335938,1616700
2019-05-01,107.75,107.98999786376953,105.7699966430664,105.83000183105469,104.12967681884766,1414300
2019-05-02,105.45999908447266,106.62000274658203,105.0,106.20999908447266,104.50357818603516,1974700
2019-05-03,106.7699966430664,108.94999694824219,106.75,108.7699966430664,107.0224380493164,1335400
2019-05-06,106.80999755859375,108.0999984741211,105.43000030517578,107.81999969482422,106.08771514892578,1308000
2019-05-07,106.51000213623047,106.77999877929688,105.02999877929688,105.9000015258789,104.19856262207031,1110300
2019-05-08,105.4800033569336,106.25,104.5999984741211,105.75,104.05096435546875,876900
2019-05-09,104.26000213623047,104.4000015258789,103.37999725341797,103.5999984741211,101.93550109863281,1354800
2019-05-10,103.33000183105469,103.77999877929688,101.54000091552734,103.36000061035156,101.6993637084961,871800
2019-05-13,101.29000091552734,101.29000091552734,98.16000366210938,99.1500015258789,97.5570068359375,1135800
2019-05-14,99.58000183105469,101.29000091552734,99.31999969482422,100.44000244140625,98.82628631591797,1382800
2019-05-15,99.43000030517578,101.5,99.16999816894531,101.19999694824219,99.57406616210938,1197800
2019-05-16,101.83999633789062,102.87999725341797,101.3499984741211,101.80999755859375,100.17426300048828,1382400
2019-05-17,100.61000061035156,102.62000274658203,100.58000183105469,101.63999938964844,100.00700378417969,953600
2019-05-20,100.47000122070312,101.0,99.27999877929688,99.54000091552734,97.94073486328125,1082400
2019-05-21,100.3499984741211,100.93000030517578,99.75,100.30999755859375,98.69837188720703,832200
2019-05-22,100.0199966430664,100.5,99.30999755859375,100.11000061035156,98.5015869140625,974000
2019-05-23,98.87000274658203,99.05999755859375,96.8499984741211,98.62000274658203,97.0355224609375,957100
2019-05-24,99.55000305175781,99.94000244140625,98.26000213623047,99.37999725341797,97.78330993652344,792600
2019-05-28,99.36000061035156,100.31999969482422,99.19999694824219,99.62999725341797,98.029296875,1617600
2019-05-29,98.62999725341797,99.83999633789062,98.01000213623047,99.5999984741211,97.99977111816406,1044600
2019-05-30,99.62999725341797,100.5999984741211,98.31999969482422,98.58999633789062,97.0060043334961,791700
2019-05-31,97.0199966430664,97.72000122070312,94.7300033569336,94.93000030517578,93.4048080444336,1269000
2019-06-03,94.94999694824219,96.9000015258789,94.87000274658203,96.9000015258789,95.3431625366211,1504200
2019-06-04,98.16000366210938,100.79000091552734,98.16000366210938,100.76000213623047,99.1411361694336,1771800
2019-06-05,101.16999816894531,101.5999984741211,99.44999694824219,100.95999908447266,99.33792114257812,1277400
2019-06-06,100.97000122070312,101.27999877929688,99.75,100.38999938964844,98.7770767211914,1079900
2019-06-07,100.69000244140625,101.70999908447266,99.43000030517578,101.12000274658203,99.49535369873047,683500
2019-06-10,101.5999984741211,103.18000030517578,101.51000213623047,102.5999984741211,100.95157623291016,732000
2019-06-11,104.19000244140625,105.13999938964844,103.13999938964844,103.61000061035156,101.94535064697266,774200
2019-06-12,103.51000213623047,105.0,102.30000305175781,104.19000244140625,102.51603698730469,741500
2019-06-13,104.5199966430664,105.31999969482422,104.08000183105469,105.26000213623047,103.56884002685547,672400
2019-06-14,105.2699966430664,105.41000366210938,103.88999938964844,104.19000244140625,102.51603698730469,719900
2019-06-17,104.02999877929688,104.33000183105469,102.76000213623047,102.88999938964844,101.23692321777344,782100
2019-06-18,103.66999816894531,105.38999938964844,102.95999908447266,104.72000122070312,103.03752136230469,769500
2019-06-19,104.7699966430664,104.94000244140625,103.86000061035156,104.58999633789062,102.90959930419922,632400
2019-06-20,105.88999938964844,105.88999938964844,104.20999908447266,105.11000061035156,103.42124938964844,793500
2019-06-21,105.05999755859375,106.27999877929688,104.3499984741211,105.69000244140625,103.99192810058594,1040700
2019-06-24,105.25,106.16999816894531,104.69000244140625,105.25,103.55899810791016,627700
2019-06-25,105.36000061035156,105.36000061035156,103.94999694824219,104.43000030517578,102.7521743774414,555900
2019-06-26,104.8499984741211,106.44999694824219,104.80000305175781,105.81999969482422,104.11984252929688,1234300
2019-06-27,106.33999633789062,106.91999816894531,105.94999694824219,106.13999938964844,104.43470001220703,1065800
2019-06-28,106.37000274658203,108.11000061035156,106.37000274658203,107.80000305175781,106.06803894042969,2452300
2019-07-01,109.12000274658203,110.0999984741211,107.94000244140625,109.63999938964844,107.87846374511719,1297900
2019-07-02,109.16999816894531,109.16999816894531,106.97000122070312,107.45999908447266,105.7334976196289,786600
2019-07-03,107.0999984741211,107.5,106.0199966430664,106.83000183105469,105.11361694335938,428500
2019-07-05,105.9000015258789,106.26000213623047,104.81999969482422,105.62999725341797,103.93289184570312,585900
2019-07-08,105.25,105.7300033569336,104.08000183105469,104.7300033569336,103.04735565185547,907200
2019-07-09,104.45999908447266,104.86000061035156,103.16000366210938,104.7300033569336,103.04735565185547,898900
2019-07-10,105.55999755859375,105.69999694824219,104.0,104.4000015258789,102.72265625,1252000
2019-07-11,104.5,105.55000305175781,104.2300033569336,105.33000183105469,103.6377182006836,1549700
2019-07-12,105.68000030517578,107.94999694824219,105.38999938964844,107.01000213623047,105.29072570800781,714500
2019-07-15,107.05999755859375,107.1500015258789,106.04000091552734,107.06999969482422,105.34976196289062,598200
2019-07-16,107.31999969482422,108.69999694824219,106.94000244140625,108.05000305175781,106.31401824951172,713600
2019-07-17,107.88999938964844,108.0999984741211,106.58000183105469,106.58999633789062,104.87747192382812,710700
2019-07-18,105.91999816894531,106.93000030517578,105.83000183105469,106.08999633789062,104.385498046875,749900
2019-07-19,106.56999969482422,107.9000015258789,106.19999694824219,107.05999755859375,105.33992004394531,882000
2019-07-22,106.87999725341797,107.51000213623047,105.19999694824219,105.68000030517578,103.98209381103516,1002200
2019-07-23,106.0199966430664,110.62000274658203,104.66999816894531,110.30999755859375,108.53770446777344,1490600
2019-07-24,110.0999984741211,112.97000122070312,110.0999984741211,112.26000213623047,110.45638275146484,1223500
2019-07-25,110.98999786376953,112.37000274658203,110.04000091552734,111.51000213623047,110.3277587890625,1049100
2019-07-26,111.4800033569336,111.63999938964844,109.16000366210938,111.16000366210938,109.9814682006836,683400
2019-07-29,110.98999786376953,112.75,110.75,112.12000274658203,110.93128967285156,792700
2019-07-30,111.16999816894531,112.70999908447266,110.51000213623047,112.5199966430664,111.32704162597656,896500
2019-07-31,112.4800033569336,113.41999816894531,111.2300033569336,112.16999816894531,110.98075866699219,1168900
2019-08-01,111.98999786376953,113.41999816894531,107.44999694824219,108.2300033569336,107.08252716064453,974600
2019-08-02,107.37999725341797,107.7300033569336,104.62000274658203,107.12000274658203,105.98430633544922,1027200
2019-08-05,105.19000244140625,105.91999816894531,102.05000305175781,103.19000244140625,102.0959701538086,1270400
2019-08-06,104.37000274658203,104.9000015258789,102.47000122070312,104.62999725341797,103.52069854736328,1006700
2019-08-07,103.1500015258789,106.62000274658203,102.5,106.44000244140625,105.31150817871094,1074000
2019-08-08,107.58999633789062,110.5199966430664,107.58999633789062,109.13999938964844,107.98287963867188,1002400
2019-08-09,108.7699966430664,109.63999938964844,107.87999725341797,109.1500015258789,107.9927749633789,848600
2019-08-12,108.4800033569336,109.37999725341797,107.83999633789062,108.66999816894531,107.51786041259766,961200
2019-08-13,108.3499984741211,113.04000091552734,108.05000305175781,111.0,109.82315826416016,1132500
2019-08-14,109.04000091552734,109.56999969482422,108.19000244140625,108.62999725341797,107.47828674316406,1403800
2019-08-15,108.94000244140625,109.3499984741211,106.6500015258789,107.44000244140625,106.3009033203125,878300
2019-08-16,108.33000183105469,110.6500015258789,108.08999633789062,110.30000305175781,109.13058471679688,804300
2019-08-19,112.05000305175781,112.83000183105469,106.6500015258789,112.48999786376953,111.29736328125,868000
2019-08-20,111.79000091552734,112.18000030517578,110.75,111.73999786376953,110.55531311035156,612500
2019-08-21,113.12000274658203,113.75,112.87999725341797,113.16999816894531,111.97015380859375,699800
2019-08-22,113.54000091552734,114.77999877929688,112.12999725341797,113.73999786376953,112.53411102294922,867200
2019-08-23,112.9800033569336,113.0,106.6500015258789,107.25,106.1129150390625,1103600
2019-08-26,108.11000061035156,108.98999786376953,106.55999755859375,107.4000015258789,106.2613296508789,682400
2019-08-27,108.13999938964844,108.72000122070312,105.93000030517578,107.22000122070312,106.08323669433594,1040600
2019-08-28,107.04000091552734,109.72000122070312,106.58999633789062,109.54000091552734,108.3786392211914,797500
2019-08-29,111.18000030517578,112.36000061035156,110.76000213623047,111.76000213623047,110.57510375976562,671800
2019-08-30,112.8499984741211,114.0999984741211,112.61000061035156,113.37000274658203,112.16803741455078,1058600
2019-09-03,111.88999938964844,112.61000061035156,110.63999938964844,111.69999694824219,110.51573944091797,558200
2019-09-04,113.33000183105469,114.37999725341797,112.87999725341797,113.81999969482422,112.6132583618164,829300
2019-09-05,115.25,118.33999633789062,114.8499984741211,117.62999725341797,116.38286590576172,818900
2019-09-06,117.87999725341797,118.41999816894531,116.8499984741211,118.06999969482422,116.81820678710938,555500
2019-09-09,118.41000366210938,121.05999755859375,118.19999694824219,120.91000366210938,119.62809753417969,901600
2019-09-10,120.97000122070312,123.9000015258789,120.75,123.31999969482422,122.01254272460938,1340700
2019-09-11,123.44999694824219,124.36000061035156,121.33999633789062,124.30999755859375,122.99205017089844,947500
2019-09-12,124.98999786376953,125.0,122.56999969482422,124.19999694824219,122.88321685791016,753800
2019-09-13,125.27999877929688,127.1500015258789,124.94999694824219,125.48999786376953,124.15953826904297,799800
2019-09-16,125.1500015258789,126.01000213623047,123.80000305175781,124.44999694824219,123.13056182861328,607600
2019-09-17,124.12999725341797,124.25,122.25,123.9800033569336,122.66554260253906,909600
2019-09-18,123.5,124.05000305175781,122.2300033569336,123.73999786376953,122.42808532714844,754200
2019-09-19,123.73999786376953,124.41999816894531,123.23999786376953,123.80000305175781,122.48745727539062,680700
2019-09-20,124.22000122070312,124.22000122070312,122.2300033569336,122.68000030517578,121.37932586669922,1499000
2019-09-23,121.58999633789062,123.16000366210938,121.25,122.47000122070312,121.17155456542969,753000
2019-09-24,122.05999755859375,122.5,120.83000183105469,121.3499984741211,120.06343078613281,615400
2019-09-25,121.69000244140625,122.62000274658203,121.12000274658203,122.20999908447266,120.914306640625,715900
2019-09-26,121.18000030517578,122.2300033569336,120.7300033569336,121.58999633789062,120.3008804321289,656100
2019-09-27,121.87999725341797,123.5999984741211,121.55999755859375,122.13999938964844,120.84505462646484,715600
2019-09-30,122.43000030517578,122.9800033569336,121.16999816894531,122.29000091552734,120.99346160888672,777400
2019-10-01,122.4800033569336,123.94000244140625,119.9800033569336,120.3499984741211,119.07402801513672,1196100
2019-10-02,119.13999938964844,119.76000213623047,117.22000122070312,118.0999984741211,116.84788513183594,1067500
2019-10-03,117.69000244140625,118.69999694824219,116.58999633789062,118.66999816894531,117.4118423461914,725900
2019-10-04,118.48999786376953,119.94999694824219,118.20999908447266,119.52999877929688,118.26272583007812,527100
2019-10-07,119.0999984741211,120.44000244140625,118.47000122070312,119.44000244140625,118.1736831665039,703900
2019-10-08,118.56999969482422,119.54000091552734,117.31999969482422,117.8499984741211,116.60054016113281,1067000
2019-10-09,119.52999877929688,119.6500015258789,117.37000274658203,118.72000122070312,117.46131896972656,742300
2019-10-10,119.05000305175781,119.75,117.66000366210938,118.36000061035156,117.10513305664062,908400
2019-10-11,119.69000244140625,122.83000183105469,119.69000244140625,121.87000274658203,120.57791900634766,802200
2019-10-14,121.12000274658203,121.66000366210938,120.44000244140625,120.44000244140625,119.16307830810547,644400
2019-10-15,120.95999908447266,122.55000305175781,120.54000091552734,122.04000091552734,120.7461166381836,672300
2019-10-16,122.4000015258789,123.63999938964844,121.05999755859375,121.5199966430664,120.23162841796875,752500
2019-10-17,121.93000030517578,122.31999969482422,120.94999694824219,121.95999908447266,120.66696166992188,552700
2019-10-18,121.31999969482422,123.94000244140625,121.31999969482422,121.6500015258789,120.3602523803711,952600
2019-10-21,122.06999969482422,123.04000091552734,121.22000122070312,121.30999755859375,120.02384948730469,972200
2019-10-22,121.05000305175781,122.41999816894531,115.16000366210938,119.30000305175781,118.03516387939453,1473900
2019-10-23,119.23999786376953,122.94000244140625,119.23999786376953,121.76000213623047,120.46908569335938,1078800
2019-10-24,122.83999633789062,123.62000274658203,121.62000274658203,123.5199966430664,122.21041870117188,764600
2019-10-25,122.94000244140625,124.44000244140625,121.98999786376953,123.6500015258789,122.95621490478516,559000
2019-10-28,124.36000061035156,125.80999755859375,121.05999755859375,121.55999755859375,120.87793731689453,1290800
2019-10-29,121.16999816894531,124.45999908447266,121.05000305175781,123.27999877929688,122.58828735351562,624100
2019-10-30,122.66999816894531,122.91000366210938,121.44000244140625,122.27999877929688,121.59390258789062,619100
2019-10-31,122.16999816894531,122.41999816894531,120.08999633789062,121.1500015258789,120.47024536132812,976100
2019-11-01,122.29000091552734,123.33000183105469,121.70999908447266,122.5,121.81266784667969,1078000
2019-11-04,123.8499984741211,124.11000061035156,122.66999816894531,123.66000366210938,122.9661636352539,916700
2019-11-05,124.05999755859375,125.66000366210938,123.7699966430664,124.4800033569336,123.78156280517578,611400
2019-11-06,124.19999694824219,125.1500015258789,123.48999786376953,125.08000183105469,124.37818908691406,624800
2019-11-07,124.91999816894531,126.05000305175781,124.25,125.73999786376953,125.03448486328125,777000
2019-11-08,125.72000122070312,128.8800048828125,125.3499984741211,127.30999755859375,126.59567260742188,882100
2019-11-11,126.33999633789062,127.2300033569336,126.33999633789062,126.7300033569336,126.01893615722656,498000
2019-11-12,127.22000122070312,127.70999908447266,126.63999938964844,126.94000244140625,126.2277603149414,438800
2019-11-13,125.9800033569336,126.44000244140625,124.9800033569336,125.41000366210938,124.70634460449219,397800
2019-11-14,125.11000061035156,126.5,125.11000061035156,126.30999755859375,125.60128784179688,382300
2019-11-15,126.94999694824219,127.58000183105469,125.4800033569336,125.95999908447266,125.25325012207031,624400
2019-11-18,125.4000015258789,125.69000244140625,124.08000183105469,125.4800033569336,124.77594757080078,1006800
2019-11-19,126.30999755859375,126.38999938964844,124.0,125.88999938964844,125.18364715576172,622400
2019-11-20,125.0999984741211,125.95999908447266,124.0999984741211,124.23999786376953,123.54290008544922,513300
2019-11-21,124.43000030517578,124.70999908447266,123.61000061035156,123.87000274658203,123.17498016357422,647400
2019-11-22,124.2699966430664,125.75,124.18000030517578,124.79000091552734,124.0898208618164,479000
2019-11-25,125.01000213623047,126.55999755859375,124.48999786376953,126.41000366210938,125.70072937011719,492700
2019-11-26,126.44999694824219,127.5199966430664,125.9800033569336,127.38999938964844,126.67523193359375,553900
2019-11-27,127.52999877929688,127.52999877929688,126.0999984741211,126.52999877929688,125.82005310058594,632600
2019-11-29,126.37999725341797,126.55000305175781,125.41999816894531,125.56999969482422,124.86544036865234,257400
2019-12-02,125.8499984741211,126.63999938964844,124.4800033569336,124.80000305175781,124.09976196289062,710600
2019-12-03,123.06999969482422,123.06999969482422,121.55000305175781,122.55999755859375,121.87232971191406,653500
2019-12-04,123.04000091552734,124.33999633789062,122.02999877929688,122.11000061035156,121.42485809326172,905100
2019-12-05,122.5199966430664,123.44000244140625,121.68000030517578,123.33000183105469,122.63800811767578,548700
2019-12-06,124.48999786376953,125.55999755859375,124.19000244140625,125.20999908447266,124.50746154785156,507000
2019-12-09,125.18000030517578,125.31999969482422,123.29000091552734,123.86000061035156,123.1650390625,461500
2019-12-10,123.69999694824219,123.69999694824219,120.72000122070312,120.94999694824219,120.2713623046875,891200
2019-12-11,121.75,122.95999908447266,121.37000274658203,122.79000091552734,122.10104370117188,777800
2019-12-12,122.72000122070312,125.52999877929688,122.25,125.36000061035156,124.65662384033203,653900
2019-12-13,125.58999633789062,126.30999755859375,124.27999877929688,124.47000122070312,123.77161407470703,423100
2019-12-16,125.25,126.23999786376953,123.61000061035156,123.68000030517578,122.98604583740234,1143600
2019-12-17,123.68000030517578,124.36000061035156,121.45999908447266,123.2300033569336,122.53857421875,906800
2019-12-18,123.13999938964844,123.31999969482422,120.88999938964844,121.0999984741211,120.42051696777344,1164700
2019-12-19,121.76000213623047,123.43000030517578,120.91000366210938,122.4800033569336,121.79278564453125,1085900
2019-12-20,122.4800033569336,124.36000061035156,121.76000213623047,123.3499984741211,122.65789794921875,2163000
2019-12-23,123.26000213623047,123.75,122.26000213623047,123.20999908447266,122.51868438720703,685700
2019-12-24,123.30000305175781,123.69999694824219,122.66999816894531,123.38999938964844,122.69766998291016,167200
2019-12-26,123.05999755859375,123.33999633789062,122.13999938964844,123.11000061035156,122.41924285888672,391700
2019-12-27,123.83000183105469,124.26000213623047,123.30000305175781,123.31999969482422,122.62806701660156,534100
2019-12-30,123.37999725341797,123.62999725341797,122.44999694824219,122.69999694824219,122.01154327392578,416700
2019-12-31,122.55999755859375,123.26000213623047,122.37000274658203,123.12000274658203,122.42919158935547,633000
2020-01-02,123.9000015258789,124.58999633789062,121.30999755859375,121.43000030517578,120.74867248535156,911300
2020-01-03,120.02999877929688,120.73999786376953,119.69999694824219,119.77999877929688,119.10792541503906,770900
2020-01-06,118.91999816894531,119.5,118.22000122070312,118.45999908447266,117.79533386230469,710900
2020-01-07,117.12999725341797,119.0999984741211,116.12000274658203,118.0,117.3379135131836,1231300
2020-01-08,117.75,118.4000015258789,116.55000305175781,117.08000183105469,116.42308044433594,826300
2020-01-09,117.44000244140625,117.86000061035156,116.6500015258789,117.86000061035156,117.19869995117188,998300
2020-01-10,117.95999908447266,118.1500015258789,116.81999969482422,117.01000213623047,116.35346984863281,555100
2020-01-13,117.18000030517578,118.52999877929688,116.88999938964844,118.12999725341797,117.4671859741211,470200
2020-01-14,118.1500015258789,119.37000274658203,117.4800033569336,118.44999694824219,117.78538513183594,856800
2020-01-15,118.06999969482422,119.55999755859375,117.93000030517578,118.19999694824219,117.53678894042969,542200
2020-01-16,118.80000305175781,119.6500015258789,117.75,118.13999938964844,117.47712707519531,788300
2020-01-17,118.41000366210938,119.0999984741211,117.23999786376953,117.58999633789062,116.93021392822266,1218400
2020-01-21,117.0999984741211,118.33000183105469,116.47000122070312,117.55000305175781,116.89044189453125,924800
2020-01-22,118.08000183105469,118.31999969482422,116.76000213623047,116.77999877929688,116.12476348876953,708600
2020-01-23,115.94999694824219,116.0999984741211,114.23999786376953,115.58000183105469,114.9314956665039,596000
2020-01-24,115.55000305175781,115.98999786376953,114.12999725341797,114.51000213623047,113.86750030517578,697000
2020-01-27,112.20999908447266,112.22000122070312,110.83000183105469,111.33999633789062,110.71527862548828,632900
2020-01-28,111.80999755859375,112.5999984741211,111.23999786376953,112.26000213623047,111.630126953125,560800
2020-01-29,113.29000091552734,114.19000244140625,111.80999755859375,111.93000030517578,111.30197143554688,531500
2020-01-30,110.58999633789062,111.79000091552734,109.1500015258789,110.19000244140625,109.57173919677734,875900
2020-01-31,107.73999786376953,107.73999786376953,101.1500015258789,103.5,102.91927337646484,2415000
2020-02-03,104.7300033569336,105.5999984741211,103.0,104.76000213623047,104.17220306396484,1508100
2020-02-04,106.16000366210938,107.72000122070312,106.05999755859375,107.33000183105469,106.727783203125,994500
2020-02-05,108.83000183105469,110.27999877929688,108.44999694824219,109.86000061035156,109.24359130859375,1207500
2020-02-06,110.19000244140625,110.47000122070312,108.26000213623047,109.45999908447266,108.84583282470703,782300
2020-02-07,108.19999694824219,108.81999969482422,107.27999877929688,108.58999633789062,107.980712890625,641600
2020-02-10,108.13999938964844,108.76000213623047,107.52999877929688,107.56999969482422,106.96643829345703,810100
2020-02-11,108.31999969482422,109.27999877929688,107.94999694824219,108.62000274658203,108.01055145263672,604300
2020-02-12,109.77999877929688,111.81999969482422,109.27999877929688,111.41999816894531,110.79483032226562,1051400
2020-02-13,110.5,111.43000030517578,110.26000213623047,110.5,109.87999725341797,801100
2020-02-14,109.80000305175781,110.26000213623047,108.9000015258789,110.0199966430664,110.0199966430664,997600
2020-02-18,109.30000305175781,109.69999694824219,106.27999877929688,107.75,107.75,1061900
2020-02-19,108.22000122070312,109.13999938964844,107.94000244140625,108.25,108.25,674800
2020-02-20,107.94999694824219,109.70999908447266,107.69999694824219,108.9000015258789,108.9000015258789,749300
2020-02-21,108.12999725341797,108.33000183105469,107.18000030517578,107.9800033569336,107.9800033569336,652300
2020-02-24,104.5199966430664,104.88999938964844,102.75,103.94999694824219,103.94999694824219,764100
2020-02-25,104.58000183105469,104.58000183105469,97.6500015258789,97.80999755859375,97.80999755859375,1328100
2020-02-26,98.83000183105469,99.97000122070312,96.86000061035156,96.87000274658203,96.87000274658203,1691800
2020-02-27,94.41000366210938,96.30000305175781,91.70999908447266,91.7300033569336,91.7300033569336,1169900
2020-02-28,88.77999877929688,94.0,88.06999969482422,93.73999786376953,93.73999786376953,2435400
2020-03-02,94.08999633789062,96.5999984741211,92.72000122070312,96.37000274658203,96.37000274658203,1434700
2020-03-03,95.98999786376953,97.54000091552734,92.91999816894531,94.6500015258789,94.6500015258789,1216300
2020-03-04,96.36000061035156,98.0999984741211,92.91999816894531,97.87999725341797,97.87999725341797,1091200
2020-03-05,94.48999786376953,95.70999908447266,93.3499984741211,94.75,94.75,915000
2020-03-06,91.52999877929688,95.02999877929688,90.73999786376953,92.25,92.25,1365600
2020-03-09,85.8499984741211,91.0,78.41999816894531,79.41999816894531,79.41999816894531,1155600
2020-03-10,83.30000305175781,86.33000183105469,80.19000244140625,86.26000213623047,86.26000213623047,1297200
2020-03-11,83.58999633789062,83.80999755859375,78.33000183105469,80.66999816894531,80.66999816894531,1768800
2020-03-12,75.23999786376953,77.66999816894531,70.2699966430664,73.2699966430664,73.2699966430664,1971000
2020-03-13,78.0999984741211,79.51000213623047,72.3499984741211,78.41000366210938,78.41000366210938,1574800
2020-03-16,70.44999694824219,74.20999908447266,66.12000274658203,66.12999725341797,66.12999725341797,1129500
2020-03-17,68.13999938964844,70.66000366210938,64.44000244140625,70.43000030517578,70.43000030517578,1788100
2020-03-18,64.83000183105469,65.41999816894531,52.70000076293945,59.119998931884766,59.119998931884766,1365600
2020-03-19,58.20000076293945,72.29000091552734,56.459999084472656,63.83000183105469,63.83000183105469,1863500
2020-03-20,65.04000091552734,69.38999938964844,62.02000045776367,64.7300033569336,64.7300033569336,1807300
2020-03-23,64.30999755859375,65.31999969482422,60.33000183105469,62.20000076293945,62.20000076293945,1517800
2020-03-24,67.1500015258789,69.30000305175781,65.12999725341797,66.91000366210938,66.91000366210938,1476100
2020-03-25,67.36000061035156,75.6500015258789,65.58999633789062,72.87000274658203,72.87000274658203,1440400
2020-03-26,73.0,75.87999725341797,70.0,75.52999877929688,75.52999877929688,1575000
2020-03-27,72.16000366210938,72.77999877929688,70.33000183105469,71.2699966430664,71.2699966430664,826300
2020-03-30,72.61000061035156,74.93000030517578,69.66999816894531,74.0999984741211,74.0999984741211,853000
2020-03-31,74.05000305175781,75.22000122070312,72.05999755859375,73.38999938964844,73.38999938964844,1006400
2020-04-01,69.91000366210938,71.23999786376953,67.51000213623047,68.05000305175781,68.05000305175781,1117100
2020-04-02,68.1500015258789,72.20999908447266,66.52999877929688,68.5999984741211,68.5999984741211,1593700
2020-04-03,68.33999633789062,71.43000030517578,66.9800033569336,67.0999984741211,67.0999984741211,1110200
2020-04-06,70.79000091552734,73.48999786376953,70.55999755859375,72.47000122070312,72.47000122070312,1177400
2020-04-07,76.06999969482422,78.0,74.48999786376953,75.83999633789062,75.83999633789062,1174900
2020-04-08,76.80999755859375,82.4800033569336,76.13999938964844,81.9800033569336,81.9800033569336,1116900
2020-04-09,81.8499984741211,86.9000015258789,81.1500015258789,83.91000366210938,83.91000366210938,1096700
2020-04-13,83.06999969482422,83.81999969482422,80.37999725341797,82.0999984741211,82.0999984741211,815500
2020-04-14,83.77999877929688,84.02999877929688,80.41000366210938,81.30999755859375,81.30999755859375,1099800
